3.990000000000000000e+02 3.990000000000000000e+02 2.950000000000000000e+02 3.970000000000000000e+02 3.270000000000000000e+02 3.160000000000000000e+02 3.990000000000000000e+02 3.990000000000000000e+02 3.830000000000000000e+02 3.990000000000000000e+02 3.990000000000000000e+02 3.990000000000000000e+02 3.990000000000000000e+02 3.670000000000000000e+02 3.990000000000000000e+02 0.000000000000000000e+00 0.000000000000000000e+00 0.000000000000000000e+00 0.000000000000000000e+00 0.000000000000000000e+00
3.990000000000000000e+02 3.990000000000000000e+02 3.990000000000000000e+02 3.990000000000000000e+02 3.990000000000000000e+02 3.990000000000000000e+02 3.990000000000000000e+02 3.990000000000000000e+02 3.990000000000000000e+02 3.990000000000000000e+02 3.990000000000000000e+02 3.990000000000000000e+02 3.990000000000000000e+02 3.990000000000000000e+02 3.990000000000000000e+02 0.000000000000000000e+00 0.000000000000000000e+00 0.000000000000000000e+00 0.000000000000000000e+00 0.000000000000000000e+00
3.990000000000000000e+02 3.990000000000000000e+02 3.990000000000000000e+02 3.990000000000000000e+02 3.990000000000000000e+02 3.990000000000000000e+02 3.990000000000000000e+02 3.990000000000000000e+02 3.990000000000000000e+02 3.990000000000000000e+02 3.990000000000000000e+02 3.990000000000000000e+02 3.990000000000000000e+02 3.990000000000000000e+02 3.990000000000000000e+02 0.000000000000000000e+00 0.000000000000000000e+00 0.000000000000000000e+00 0.000000000000000000e+00 0.000000000000000000e+00
3.990000000000000000e+02 3.990000000000000000e+02 3.990000000000000000e+02 3.990000000000000000e+02 3.990000000000000000e+02 3.990000000000000000e+02 3.990000000000000000e+02 3.990000000000000000e+02 3.990000000000000000e+02 3.990000000000000000e+02 3.990000000000000000e+02 3.990000000000000000e+02 3.990000000000000000e+02 3.990000000000000000e+02 3.990000000000000000e+02 0.000000000000000000e+00 0.000000000000000000e+00 0.000000000000000000e+00 0.000000000000000000e+00 0.000000000000000000e+00
3.990000000000000000e+02 3.990000000000000000e+02 3.990000000000000000e+02 3.990000000000000000e+02 3.990000000000000000e+02 3.990000000000000000e+02 3.990000000000000000e+02 3.990000000000000000e+02 3.990000000000000000e+02 3.990000000000000000e+02 3.990000000000000000e+02 3.990000000000000000e+02 3.990000000000000000e+02 3.990000000000000000e+02 3.990000000000000000e+02 0.000000000000000000e+00 0.000000000000000000e+00 0.000000000000000000e+00 0.000000000000000000e+00 0.000000000000000000e+00
3.990000000000000000e+02 3.990000000000000000e+02 3.990000000000000000e+02 3.990000000000000000e+02 3.990000000000000000e+02 3.990000000000000000e+02 3.990000000000000000e+02 3.990000000000000000e+02 3.990000000000000000e+02 3.990000000000000000e+02 3.990000000000000000e+02 3.990000000000000000e+02 3.990000000000000000e+02 3.990000000000000000e+02 3.990000000000000000e+02 0.000000000000000000e+00 0.000000000000000000e+00 0.000000000000000000e+00 0.000000000000000000e+00 0.000000000000000000e+00
3.990000000000000000e+02 3.990000000000000000e+02 3.990000000000000000e+02 3.990000000000000000e+02 3.990000000000000000e+02 3.990000000000000000e+02 3.990000000000000000e+02 3.990000000000000000e+02 3.990000000000000000e+02 3.990000000000000000e+02 3.990000000000000000e+02 3.990000000000000000e+02 3.990000000000000000e+02 3.990000000000000000e+02 3.990000000000000000e+02 0.000000000000000000e+00 0.000000000000000000e+00 0.000000000000000000e+00 0.000000000000000000e+00 0.000000000000000000e+00
3.990000000000000000e+02 3.990000000000000000e+02 3.990000000000000000e+02 3.990000000000000000e+02 3.990000000000000000e+02 3.990000000000000000e+02 3.990000000000000000e+02 3.990000000000000000e+02 3.990000000000000000e+02 3.990000000000000000e+02 3.990000000000000000e+02 3.990000000000000000e+02 3.990000000000000000e+02 3.990000000000000000e+02 3.990000000000000000e+02 0.000000000000000000e+00 0.000000000000000000e+00 0.000000000000000000e+00 0.000000000000000000e+00 0.000000000000000000e+00
3.990000000000000000e+02 3.990000000000000000e+02 3.990000000000000000e+02 3.990000000000000000e+02 3.990000000000000000e+02 3.990000000000000000e+02 3.990000000000000000e+02 3.990000000000000000e+02 3.990000000000000000e+02 3.990000000000000000e+02 3.990000000000000000e+02 3.990000000000000000e+02 3.990000000000000000e+02 3.990000000000000000e+02 3.990000000000000000e+02 0.000000000000000000e+00 0.000000000000000000e+00 0.000000000000000000e+00 0.000000000000000000e+00 0.000000000000000000e+00
3.990000000000000000e+02 3.990000000000000000e+02 3.990000000000000000e+02 3.990000000000000000e+02 3.990000000000000000e+02 3.990000000000000000e+02 3.990000000000000000e+02 3.990000000000000000e+02 3.990000000000000000e+02 3.990000000000000000e+02 3.990000000000000000e+02 3.990000000000000000e+02 3.990000000000000000e+02 3.990000000000000000e+02 3.990000000000000000e+02 0.000000000000000000e+00 0.000000000000000000e+00 0.000000000000000000e+00 0.000000000000000000e+00 0.000000000000000000e+00
