4.672510592001344776e+00 4.609946848002437036e+00 3.427030788996489719e+00 4.607256313000107184e+00 3.802889385002345080e+00 3.715707946001202799e+00 4.660813745002087671e+00 4.661710884000058286e+00 4.445648570999765070e+00 4.626176498000859283e+00 4.641936166997766122e+00 4.620010478000040166e+00 4.648666175999096595e+00 4.255632049997075228e+00 4.645732160999614280e+00 0.000000000000000000e+00 0.000000000000000000e+00 0.000000000000000000e+00 0.000000000000000000e+00 0.000000000000000000e+00
1.791259844999876805e+01 1.806453444499857142e+01 1.787319196600219584e+01 1.796406175900119706e+01 1.791946992399971350e+01 1.798136635799892247e+01 1.799869058599870186e+01 1.799876293800116400e+01 1.795132446899879142e+01 1.796368899099979899e+01 1.800774247799927252e+01 1.796168755100006820e+01 1.803609875899928738e+01 1.799952697600019746e+01 1.795578638799997861e+01 0.000000000000000000e+00 0.000000000000000000e+00 0.000000000000000000e+00 0.000000000000000000e+00 0.000000000000000000e+00
4.116593243199895369e+01 4.092727343300066423e+01 4.103703531700011808e+01 4.114982456600046135e+01 4.109017139600109658e+01 4.099718965700230910e+01 4.088230130699957954e+01 4.104031389400188345e+01 4.124478325599920936e+01 4.099970454299909761e+01 4.091154438599915011e+01 4.111473937399932765e+01 4.093851754500064999e+01 4.101238343800287112e+01 4.107841170099709416e+01 0.000000000000000000e+00 0.000000000000000000e+00 0.000000000000000000e+00 0.000000000000000000e+00 0.000000000000000000e+00
6.877079813399905106e+01 6.904964757199923042e+01 6.868615681099981884e+01 6.874749827900086530e+01 6.869808311199813033e+01 6.898910818700096570e+01 6.857329742400179384e+01 6.852311396499862894e+01 6.842573967499993159e+01 6.871648492399981478e+01 6.849815985699751764e+01 6.880757443800030160e+01 6.874365440399924410e+01 6.854160227600004873e+01 6.820529339900167543e+01 0.000000000000000000e+00 0.000000000000000000e+00 0.000000000000000000e+00 0.000000000000000000e+00 0.000000000000000000e+00
1.050765022640007373e+02 1.053262735800017253e+02 1.052338008030019409e+02 1.046758052950026467e+02 1.057442304289979802e+02 1.066414499720012827e+02 1.057675920619985845e+02 1.066766949679986283e+02 1.054532752269988123e+02 1.057046284800017020e+02 1.054993015079999168e+02 1.051251418579995516e+02 1.050716642209990823e+02 1.055787225179992674e+02 1.048335406959995453e+02 0.000000000000000000e+00 0.000000000000000000e+00 0.000000000000000000e+00 0.000000000000000000e+00 0.000000000000000000e+00
1.492485128449989134e+02 1.492156319420028012e+02 1.486657799060012621e+02 1.491026351000000432e+02 1.488854690919979475e+02 1.511949293830002716e+02 1.482338482140003180e+02 1.487443125460013107e+02 1.490606072810005571e+02 1.493666752050012292e+02 1.491434121690035681e+02 1.490260947759998089e+02 1.490679125710012158e+02 1.493907954699971015e+02 1.484785319849979714e+02 0.000000000000000000e+00 0.000000000000000000e+00 0.000000000000000000e+00 0.000000000000000000e+00 0.000000000000000000e+00
2.013500542879992281e+02 2.012534862579996116e+02 2.016987728180029080e+02 2.014857068829987838e+02 2.003163571119985136e+02 1.997617649980020360e+02 2.011824142350014881e+02 2.000704199549982150e+02 2.015477752280021377e+02 2.003299725260003470e+02 2.006111163710011169e+02 2.014205284749987186e+02 2.012378702060013893e+02 2.004628236280004785e+02 2.002888456289983878e+02 0.000000000000000000e+00 0.000000000000000000e+00 0.000000000000000000e+00 0.000000000000000000e+00 0.000000000000000000e+00
2.600544532200001413e+02 2.615323345350007003e+02 2.601199885729984089e+02 2.618090543450016412e+02 2.599643589209990751e+02 2.605364144280028995e+02 2.606425269789979211e+02 2.610704958760034060e+02 2.623669830459984951e+02 2.608131654160024482e+02 2.605706630220010993e+02 2.606314579430036247e+02 2.614582777050018194e+02 2.611336939819957479e+02 2.647081539580030949e+02 0.000000000000000000e+00 0.000000000000000000e+00 0.000000000000000000e+00 0.000000000000000000e+00 0.000000000000000000e+00
3.268209148470050422e+02 3.257685906879996764e+02 3.258470268199962447e+02 3.258006394120020559e+02 3.258068943510006648e+02 3.240118208419953589e+02 3.266711789170003613e+02 3.254664471040014178e+02 3.254412544750011875e+02 3.248466263890004484e+02 3.253404937989980681e+02 3.273187944670062279e+02 3.265688249000013457e+02 3.263018767100002151e+02 3.248800919670029543e+02 0.000000000000000000e+00 0.000000000000000000e+00 0.000000000000000000e+00 0.000000000000000000e+00 0.000000000000000000e+00
3.994024202549990150e+02 4.005621849419985665e+02 4.001010686680019717e+02 3.990374321720009902e+02 4.003662541789963143e+02 4.000796627860036097e+02 3.998154895670013502e+02 4.000847849970014067e+02 3.999058504700005869e+02 3.994580451240035472e+02 4.016765529949989286e+02 4.003055980489953072e+02 3.999604243189969566e+02 4.009727778809974552e+02 3.997927350950049004e+02 0.000000000000000000e+00 0.000000000000000000e+00 0.000000000000000000e+00 0.000000000000000000e+00 0.000000000000000000e+00
