1.774750179443173063e-03 1.185107468219618827e-05 8.206614433993640275e-05 5.485327880545205780e-05 3.089691243490382032e-05 1.344136850262293739e-04 1.473343476715089674e-02 2.867618457410355754e-05 9.912632829659546085e-05 1.504262289507411884e-03 2.555484604272635196e-03 1.125346698116464183e-04 6.319336328191618680e-04 2.969223175084170877e-05 6.726849275683905848e-04 0.000000000000000000e+00 0.000000000000000000e+00 0.000000000000000000e+00 0.000000000000000000e+00 0.000000000000000000e+00
1.975809899811811071e-02 3.695153775852869863e-05 7.855008940229054465e-03 1.684951541454127915e-03 1.888577978941238193e-03 1.363314864642483119e-04 1.530638453360144962e-03 1.993916196109407016e-03 2.215755561003630023e-04 8.231078796725913721e-03 1.297675894756603228e-02 2.358536879999679516e-03 9.338447056247227082e-03 3.069787243819503252e-04 1.559210743058475797e-02 0.000000000000000000e+00 0.000000000000000000e+00 0.000000000000000000e+00 0.000000000000000000e+00 0.000000000000000000e+00
3.431800662289519188e-02 5.522754523139093838e-04 9.457695224526347505e-03 1.047200093039755454e-03 1.635385822304253386e-03 2.678366586838669058e-02 1.136435796754687449e-02 9.329651443030200636e-03 7.030018453315391158e-03 1.317146855645533708e-02 3.112537986517004834e-02 2.899621763419073586e-02 2.279906407586568262e-02 5.743679384344755473e-02 1.081754607410436234e-02 0.000000000000000000e+00 0.000000000000000000e+00 0.000000000000000000e+00 0.000000000000000000e+00 0.000000000000000000e+00
2.550378659919545765e-02 4.721148761852982934e-01 1.273206843269712035e-02 2.833488571333805384e-01 1.996097118139730509e-01 2.419612732858752724e-01 2.019445743983003597e-02 2.070226422125063803e-01 8.805659859340346507e-02 9.817344967003407974e-02 4.646303056401423354e-02 3.339498569295226184e-03 3.272244857347835628e-02 1.114421445971630967e-02 4.055533662889181379e-01 0.000000000000000000e+00 0.000000000000000000e+00 0.000000000000000000e+00 0.000000000000000000e+00 0.000000000000000000e+00
6.705336858728602745e-02 4.929959473031800959e-02 5.454321474606709241e-01 1.952717933917671733e-01 5.523766972829090988e-02 5.058052649123079975e-02 2.677677546728554070e-01 8.138329780887632037e-02 2.837270007417755924e-01 1.804858091199194881e-01 5.145074535120878201e-01 1.623629624127193305e-01 2.166014278016995809e-01 1.308035531807963114e-01 2.625596942335803319e-01 0.000000000000000000e+00 0.000000000000000000e+00 0.000000000000000000e+00 0.000000000000000000e+00 0.000000000000000000e+00
9.352464035835151179e+00 2.088605140882521249e-01 1.292507618358051669e-01 2.346179528864005270e-01 1.083458529566016099e-01 3.836011794974552025e-01 3.080116299137939384e-01 1.982295193701477665e-01 1.257485293383517888e-01 7.376472801132313850e-02 4.492695748176924742e-01 2.755457625097748608e-01 4.009817324487341406e-01 1.309826370861303380e-01 5.447749980729622576e-01 0.000000000000000000e+00 0.000000000000000000e+00 0.000000000000000000e+00 0.000000000000000000e+00 0.000000000000000000e+00
4.027676109079172395e-01 3.908723260379663444e-01 8.550644674559514380e-01 4.388328523177549290e-01 3.471096617619081059e-01 5.799734256536920318e-01 4.548432874770456102e-01 6.294548103310004805e-01 3.939003215950951931e-01 4.824503130715594446e-01 3.737098257246650457e-01 2.990541651341930840e-01 3.060184959719660647e-01 2.826457311871445333e-01 3.542217707086898759e-01 0.000000000000000000e+00 0.000000000000000000e+00 0.000000000000000000e+00 0.000000000000000000e+00 0.000000000000000000e+00
7.087230037767636714e-01 4.368548417491342484e-01 5.574909460738626255e-01 1.101881077933206665e+00 4.178836618414131232e-01 3.677338198185389762e-01 5.469825866687114679e-01 3.866594678462206280e-01 3.836445623294951757e-01 1.578162210855535319e+00 4.997161320754694436e-01 5.689087357823900959e-01 4.344433988575884809e-01 3.430011873403904232e-01 8.465591704311790089e-01 0.000000000000000000e+00 0.000000000000000000e+00 0.000000000000000000e+00 0.000000000000000000e+00 0.000000000000000000e+00
1.220174095504889422e+00 8.693632401572488622e-01 7.943737840372201431e-01 5.819878442467538715e-01 1.156585543758058776e+00 1.680769835024026770e+00 1.254853705244218132e+00 1.021164746186958405e+00 8.751832364076502779e-01 9.114347325105922604e-01 4.183589603772237542e-01 5.806064136777597806e-01 1.088158314998949106e+00 5.796080275824454509e-01 6.386928124867725654e-01 0.000000000000000000e+00 0.000000000000000000e+00 0.000000000000000000e+00 0.000000000000000000e+00 0.000000000000000000e+00
1.054363814446541481e+00 1.872690484456920101e+00 7.789749087583756060e-01 1.139457449819412771e+00 8.729029010607745054e-01 6.130602285402844132e-01 1.626439433704234716e+00 2.660460775943088496e+00 6.589207614309551264e-01 5.930875935218005157e-01 3.815366643832097893e+00 1.237754591755756861e+00 1.098557835312660380e+00 7.092229199124351346e-01 6.067692270866548165e-01 0.000000000000000000e+00 0.000000000000000000e+00 0.000000000000000000e+00 0.000000000000000000e+00 0.000000000000000000e+00
