1.121439365985669404e-03 5.399035355685286508e-04 1.472226030882961209e-02 2.833367277101577191e-03 6.377127715685239166e-03 2.973043862600776048e-04 4.328042619180481887e-03 3.113924570179991448e-04 1.167370570567189319e-04 2.458630450733937430e-03 8.827157107954028772e-05 2.049556234084317751e-04 8.327240511178127247e-03 1.931105836609072022e-04 5.078372534161753699e-05 0.000000000000000000e+00 0.000000000000000000e+00 0.000000000000000000e+00 0.000000000000000000e+00 0.000000000000000000e+00
7.774869258175559497e-04 5.603655498662119764e-04 7.028386697254435144e-04 5.646257344513187955e-04 9.469730851410371392e-05 3.127422959736356504e-04 2.792191037779449131e-03 1.435521535622007671e-04 6.625610596074498230e-04 3.302090275325030608e-04 3.896902189384553010e-04 1.388019941523951190e-04 1.556420339670005863e-03 1.317681591175099039e-02 4.788762803964738760e-04 0.000000000000000000e+00 0.000000000000000000e+00 0.000000000000000000e+00 0.000000000000000000e+00 0.000000000000000000e+00
3.719388286154414955e-04 2.745637838142028536e-04 3.112092177437242638e-04 2.531410161416511881e-04 4.341985031371825305e-04 1.680559913429633832e-04 2.003298209169295527e-04 3.023514056110564803e-04 1.046192266555208314e-04 2.320110704331386357e-04 4.817235331725235286e-04 7.044328955740057499e-04 1.014719344272014406e-03 4.852436862872094641e-04 2.079710971276344314e-03 0.000000000000000000e+00 0.000000000000000000e+00 0.000000000000000000e+00 0.000000000000000000e+00 0.000000000000000000e+00
1.131132262472373884e-04 7.833780906777721960e-04 2.544189934552433248e-04 2.578516228585357121e-04 7.158524109263862375e-04 1.984154436094215986e-03 1.157427326481086756e-04 4.481451780354172459e-04 1.910651274924015655e-04 1.941346147140300259e-04 2.950016564774706677e-04 1.434204877338773367e-03 5.932365079909224627e-04 1.669137894929669929e-04 9.575894511882961091e-03 0.000000000000000000e+00 0.000000000000000000e+00 0.000000000000000000e+00 0.000000000000000000e+00 0.000000000000000000e+00
8.526929912208592449e-03 1.790891637359770126e-04 1.982706544451289595e-04 1.630549258774898716e-04 3.227781592820623633e-03 1.366517666987286780e-04 1.918613695857682242e-04 5.015686384306785282e-04 1.087914505402672125e-03 1.091698753953630535e-03 3.279935960507110687e-04 4.881021276182584867e-04 5.712696216584907524e-04 3.219329294844004512e-04 1.821416545227029938e-04 0.000000000000000000e+00 0.000000000000000000e+00 0.000000000000000000e+00 0.000000000000000000e+00 0.000000000000000000e+00
5.481456110665314588e-04 4.651628785690549396e-04 2.119521546308994811e-04 8.735249069859101303e-05 5.306617250416365179e-03 2.535967118523271141e-03 1.906567518845979706e-04 1.049609727407080763e-04 1.441054222506044178e-03 1.600988880764862485e-04 5.444643332904986442e-04 5.795339109918038259e-04 4.249945741612127050e-04 1.097266100120759537e-04 1.841210584892311801e-04 0.000000000000000000e+00 0.000000000000000000e+00 0.000000000000000000e+00 0.000000000000000000e+00 0.000000000000000000e+00
5.200181809191086000e-04 3.954253711980788692e-04 8.659844769676953557e-05 1.154228364360918371e-04 2.023458396576993147e-04 1.576027743231398544e-04 2.013139839035729564e-04 2.545337370904308841e-04 4.915069570669882218e-04 3.252241755940499766e-04 6.676325147361045773e-04 1.548965582948273224e-04 2.509054214222104936e-04 4.097320091191381159e-04 2.520521109674407536e-04 0.000000000000000000e+00 0.000000000000000000e+00 0.000000000000000000e+00 0.000000000000000000e+00 0.000000000000000000e+00
1.042140663160070091e-04 3.601458065190736146e-04 3.657069047809891017e-04 8.361590696939828456e-04 6.046169522801122815e-04 1.071936335336220629e-04 2.288334727328838062e-05 3.498794165664124837e-04 3.621252790222595952e-05 9.460987526647419814e-04 6.232732597218965847e-04 3.363169497882444420e-04 2.440574153274504892e-04 2.468093615051907604e-04 1.338575833466679839e-04 0.000000000000000000e+00 0.000000000000000000e+00 0.000000000000000000e+00 0.000000000000000000e+00 0.000000000000000000e+00
8.342956670470574898e-05 3.838063768212505718e-04 2.461251633082739464e-04 2.954844604794003705e-04 1.846520013588427733e-04 1.056641034765892458e-04 1.342562751161609691e-04 1.724578373193578844e-04 2.074701375345114937e-04 1.332122990069095755e-04 2.614242816198062607e-04 3.857454446053815373e-04 9.099077039161890647e-04 3.723556969280841398e-04 1.052673724903376403e-04 0.000000000000000000e+00 0.000000000000000000e+00 0.000000000000000000e+00 0.000000000000000000e+00 0.000000000000000000e+00
2.454616819174050167e-04 3.131962743156281701e-04 1.987826117280822741e-04 1.001310198424125512e-04 2.463524274116590460e-04 1.419015549637223789e-04 2.978184182314079346e-04 6.719593699034565742e-04 1.809617309751701954e-04 1.562715979635886465e-04 2.055513987950238297e-04 1.465326897616401106e-04 4.307087777812868283e-04 6.515011690339554207e-04 4.058693537218243324e-05 0.000000000000000000e+00 0.000000000000000000e+00 0.000000000000000000e+00 0.000000000000000000e+00 0.000000000000000000e+00
