6.192520510012400337e-01 3.361334059991349932e-01 3.359718760002579074e-01 3.349378659986541606e-01 3.369654550006089266e-01 3.356615500015323050e-01 3.383823570002277847e-01 3.374202320010226686e-01 3.372927939999499358e-01 3.380070300008810591e-01 3.352790470016770996e-01 3.346838699981162790e-01 3.359912340019945987e-01 3.379563550006423611e-01 3.421301589987706393e-01 0.000000000000000000e+00 0.000000000000000000e+00 0.000000000000000000e+00 0.000000000000000000e+00 0.000000000000000000e+00
1.362532995000947267e+00 1.376778808000381105e+00 1.354678832001809496e+00 1.353131425999890780e+00 1.383836496999720111e+00 1.356597408001107397e+00 1.370197121999808587e+00 1.376614561999303987e+00 1.375694616002874682e+00 1.360347752000961918e+00 1.357034808999742381e+00 1.356193423998774961e+00 1.358098608998261625e+00 1.369026754997321405e+00 1.355309644997760188e+00 0.000000000000000000e+00 0.000000000000000000e+00 0.000000000000000000e+00 0.000000000000000000e+00 0.000000000000000000e+00
3.135177840002143057e+00 3.127133997000782983e+00 3.204572776998247718e+00 3.149948994996520923e+00 3.162891298998147249e+00 3.165708201002416899e+00 3.157268306000332814e+00 3.118707341000117594e+00 3.110301914999581641e+00 3.150082221000047866e+00 3.149530676000722451e+00 3.148518095000326866e+00 3.121600923997903010e+00 3.163455640999018215e+00 3.130265816998871742e+00 0.000000000000000000e+00 0.000000000000000000e+00 0.000000000000000000e+00 0.000000000000000000e+00 0.000000000000000000e+00
5.683930998002324486e+00 5.799042654998629587e+00 5.637164510997536127e+00 5.617608934000600129e+00 5.616508030998375034e+00 5.658315289001620840e+00 5.648931423998874379e+00 5.635009920999436872e+00 5.631300794997514458e+00 5.642144262998044724e+00 5.638189157001761487e+00 5.645109275999857346e+00 5.631060746000002837e+00 5.777396348999900511e+00 5.680585168000106933e+00 0.000000000000000000e+00 0.000000000000000000e+00 0.000000000000000000e+00 0.000000000000000000e+00 0.000000000000000000e+00
8.960143341999355471e+00 8.957458627999585588e+00 8.961509770000702702e+00 8.937579329998698086e+00 8.963362672999210190e+00 8.881947156998649007e+00 8.935539734997291816e+00 8.902744610000809189e+00 8.954506398000376066e+00 8.889216960000339895e+00 8.980761003000225173e+00 8.903376936999848112e+00 8.927713212000526255e+00 8.942770480000035604e+00 8.925127129998145392e+00 0.000000000000000000e+00 0.000000000000000000e+00 0.000000000000000000e+00 0.000000000000000000e+00 0.000000000000000000e+00
1.306253656700209831e+01 1.330425432199990610e+01 1.303919324299931759e+01 1.299974070399912307e+01 1.303457839799739304e+01 1.302288334699915140e+01 1.308140436000030604e+01 1.300658459900296293e+01 1.309927431500182138e+01 1.305608114500137162e+01 1.308773305599970627e+01 1.305383368199909455e+01 1.307957033599814167e+01 1.301049129300008644e+01 1.314210757799810381e+01 0.000000000000000000e+00 0.000000000000000000e+00 0.000000000000000000e+00 0.000000000000000000e+00 0.000000000000000000e+00
1.800469730699842330e+01 1.802886751199912396e+01 1.803277201099990634e+01 1.801901646700207493e+01 1.804171861900249496e+01 1.798430613500022446e+01 1.799730051499864203e+01 1.852751885799807496e+01 1.803124140599902603e+01 1.793101646400100435e+01 1.797577199700026540e+01 1.794812049399843090e+01 1.799645995799801312e+01 1.793585321199861937e+01 1.841600764499889920e+01 0.000000000000000000e+00 0.000000000000000000e+00 0.000000000000000000e+00 0.000000000000000000e+00 0.000000000000000000e+00
2.377172917400093866e+01 2.381385002200113377e+01 2.401295810599913239e+01 2.400549533299999894e+01 2.390093985600105952e+01 2.369801480800015270e+01 2.390933573099755449e+01 2.369561716899625026e+01 2.386926753800071310e+01 2.372221605900267605e+01 2.391138722899631830e+01 2.368259102699812502e+01 2.397899684299773071e+01 2.369754097799886949e+01 2.392950152899720706e+01 0.000000000000000000e+00 0.000000000000000000e+00 0.000000000000000000e+00 0.000000000000000000e+00 0.000000000000000000e+00
3.038899091599887470e+01 3.047762465899722883e+01 3.039068842499546008e+01 3.042264845700265141e+01 3.045992931300133932e+01 3.031010434600466397e+01 3.058818367099593161e+01 3.034517833099380368e+01 3.034372270599851618e+01 3.031691104299534345e+01 3.037601795799855608e+01 3.031424146400240716e+01 3.035798581499693682e+01 3.033682519600552041e+01 3.034820621299877530e+01 0.000000000000000000e+00 0.000000000000000000e+00 0.000000000000000000e+00 0.000000000000000000e+00 0.000000000000000000e+00
3.779865304100530921e+01 3.768995009899663273e+01 3.778565397100464907e+01 3.758567098500498105e+01 3.797389539000141667e+01 3.758119972699932987e+01 3.791063953499542549e+01 3.756049913400056539e+01 3.794173497500014491e+01 3.760721507000562269e+01 3.795390212399797747e+01 3.759663111400004709e+01 3.793914820200006943e+01 3.760640782499831403e+01 3.786284925200016005e+01 0.000000000000000000e+00 0.000000000000000000e+00 0.000000000000000000e+00 0.000000000000000000e+00 0.000000000000000000e+00
