1,0
2,750
2,972
3,406
3,418
3,440
3,451
3,473
3,484
3,1050
3,1072
4,1016
4,1018
4,1020
4,1021
4,1023
4,1024
4,1080
4,1082
5,1016
5,1019
5,1020
5,1022
5,1023
5,1025
5,1079
5,1081
6,1020
6,1021
6,1022
6,1023
6,1024
6,1026
6,1027
6,1029
6,1082
6,5
7,1020
7,1021
7,1023
7,1024
7,1026
7,1027
7,4
7,6
8,1020
8,1022
8,1023
8,1025
8,1026
8,1029
8,1082
8,5
9,1023
9,1024
9,1025
9,1026
9,1027
9,1030
9,1031
9,1032
9,6
9,8
10,1023
10,1024
10,1026
10,1027
10,1030
10,1031
10,7
10,9
11,1023
11,1025
11,1026
11,1029
11,1030
11,1032
11,6
11,8
12,1026
12,1027
12,1029
12,1030
12,1031
12,1033
12,1034
12,1035
12,9
12,11
13,1026
13,1027
13,1030
13,1031
13,1033
13,1034
13,10
13,12
14,406
14,429
14,440
14,462
14,473
14,495
14,1039
14,1061
15,1026
15,1029
15,1030
15,1032
15,1033
15,1035
15,9
15,11
16,1030
16,1031
16,1032
16,1033
16,1034
16,1036
16,1037
16,1038
16,12
16,15
17,1030
17,1031
17,1033
17,1034
17,1036
17,1037
17,13
17,16
18,1030
18,1032
18,1033
18,1035
18,1036
18,1038
18,12
18,15
19,1033
19,1034
19,1035
19,1036
19,1037
19,1040
19,1041
19,1042
19,16
19,18
20,1033
20,1034
20,1036
20,1037
20,1040
20,1041
20,17
20,19
21,1033
21,1035
21,1036
21,1038
21,1040
21,1042
21,16
21,18
22,1036
22,1037
22,1038
22,1040
22,1041
22,1043
22,1044
22,1045
22,19
22,21
23,1036
23,1037
23,1040
23,1041
23,1043
23,1044
23,20
23,22
24,1036
24,1038
24,1040
24,1042
24,1043
24,1045
24,19
24,21
25,440
25,451
25,462
25,473
25,484
25,506
25,517
25,529
25,1072
25,14
26,1040
26,1041
26,1042
26,1043
26,1044
26,1046
26,1047
26,1048
26,22
26,24
27,1040
27,1041
27,1043
27,1044
27,1046
27,1047
27,23
27,26
28,1040
28,1042
28,1043
28,1045
28,1046
28,1048
28,22
28,24
29,1043
29,1044
29,1045
29,1046
29,1047
29,26
29,28
30,1043
30,1044
30,1046
30,1047
30,27
30,29
31,1043
31,1045
31,1046
31,1048
31,26
31,28
32,1049
32,1051
32,1053
32,1054
32,1055
33,1049
33,1051
33,1053
33,1054
33,32
34,1049
34,1052
34,1053
34,1055
35,1049
35,1051
35,1052
35,1053
35,1054
35,1056
35,1057
35,1058
35,32
35,34
36,440
36,451
36,473
36,484
36,506
36,517
36,3
36,25
37,1049
37,1051
37,1053
37,1054
37,1056
37,1057
37,33
37,35
38,1049
38,1052
38,1053
38,1055
38,1056
38,1058
38,32
38,34
39,1053
39,1054
39,1055
39,1056
39,1057
39,1059
39,1060
39,1062
39,35
39,38
40,1053
40,1054
40,1056
40,1057
40,1059
40,1060
40,37
40,39
41,1053
41,1055
41,1056
41,1058
41,1059
41,1062
41,35
41,38
42,1056
42,1057
42,1058
42,1059
42,1060
42,1063
42,1064
42,1065
42,39
42,41
43,1056
43,1057
43,1059
43,1060
43,1063
43,1064
43,40
43,42
44,1056
44,1058
44,1059
44,1062
44,1063
44,1065
44,39
44,41
45,1059
45,1060
45,1062
45,1063
45,1064
45,1066
45,1067
45,1068
45,42
45,44
46,1059
46,1060
46,1063
46,1064
46,1066
46,1067
46,43
46,45
47,440
47,462
47,473
47,495
47,506
47,529
47,1072
47,14
48,1059
48,1062
48,1063
48,1065
48,1066
48,1068
48,42
48,44
49,1063
49,1064
49,1065
49,1066
49,1067
49,1069
49,1070
49,1071
49,45
49,48
50,1063
50,1064
50,1066
50,1067
50,1069
50,1070
50,46
50,49
51,1063
51,1065
51,1066
51,1068
51,1069
51,1071
51,45
51,48
52,1066
52,1067
52,1068
52,1069
52,1070
52,1073
52,1074
52,1075
52,49
52,51
53,1066
53,1067
53,1069
53,1070
53,1073
53,1074
53,50
53,52
54,1066
54,1068
54,1069
54,1071
54,1073
54,1075
54,49
54,51
55,1069
55,1070
55,1071
55,1073
55,1074
55,1076
55,1077
55,1078
55,52
55,54
56,1069
56,1070
56,1073
56,1074
56,1076
56,1077
56,53
56,55
57,1069
57,1071
57,1073
57,1075
57,1076
57,1078
57,52
57,54
58,473
58,484
58,495
58,506
58,517
58,540
58,551
58,562
58,25
58,47
59,1073
59,1074
59,1075
59,1076
59,1077
59,1079
59,1080
59,1081
59,55
59,57
60,1073
60,1074
60,1076
60,1077
60,1079
60,1080
60,56
60,59
61,1073
61,1075
61,1076
61,1078
61,1079
61,1081
61,55
61,57
62,1076
62,1077
62,1078
62,1079
62,1080
62,1082
62,4
62,5
62,59
62,61
63,1076
63,1077
63,1079
63,1080
63,1082
63,4
63,60
63,62
64,1076
64,1078
64,1079
64,1081
64,1082
64,5
64,59
64,61
65,1079
65,1080
65,1081
65,1082
65,4
65,6
65,7
65,8
65,62
65,64
66,1079
66,1080
66,1082
66,4
66,6
66,7
66,63
66,65
67,1079
67,1081
67,1082
67,5
67,6
67,8
67,62
67,64
68,1082
68,4
68,5
68,6
68,7
68,9
68,10
68,11
68,65
68,67
69,473
69,484
69,506
69,517
69,540
69,551
69,36
69,58
70,1082
70,4
70,6
70,7
70,9
70,10
70,66
70,68
71,1082
71,5
71,6
71,8
71,9
71,11
71,65
71,67
72,6
72,7
72,8
72,9
72,10
72,12
72,13
72,15
72,68
72,71
73,6
73,7
73,9
73,10
73,12
73,13
73,70
73,72
74,6
74,8
74,9
74,11
74,12
74,15
74,68
74,71
75,9
75,10
75,11
75,12
75,13
75,16
75,17
75,18
75,72
75,74
76,9
76,10
76,12
76,13
76,16
76,17
76,73
76,75
77,9
77,11
77,12
77,15
77,16
77,18
77,72
77,74
78,12
78,13
78,15
78,16
78,17
78,19
78,20
78,21
78,75
78,77
79,12
79,13
79,16
79,17
79,19
79,20
79,76
79,78
80,473
80,495
80,506
80,529
80,540
80,562
80,25
80,47
81,12
81,15
81,16
81,18
81,19
81,21
81,75
81,77
82,16
82,17
82,18
82,19
82,20
82,22
82,23
82,24
82,78
82,81
83,16
83,17
83,19
83,20
83,22
83,23
83,79
83,82
84,16
84,18
84,19
84,21
84,22
84,24
84,78
84,81
85,19
85,20
85,21
85,22
85,23
85,26
85,27
85,28
85,82
85,84
86,19
86,20
86,22
86,23
86,26
86,27
86,83
86,85
87,19
87,21
87,22
87,24
87,26
87,28
87,82
87,84
88,22
88,23
88,24
88,26
88,27
88,29
88,30
88,31
88,85
88,87
89,22
89,23
89,26
89,27
89,29
89,30
89,86
89,88
90,22
90,24
90,26
90,28
90,29
90,31
90,85
90,87
91,506
91,517
91,529
91,540
91,551
91,573
91,584
91,595
91,58
91,80
92,26
92,27
92,28
92,29
92,30
92,88
92,90
93,26
93,27
93,29
93,30
93,89
93,92
94,26
94,28
94,29
94,31
94,88
94,90
95,506
95,517
95,540
95,551
95,573
95,584
95,69
95,91
96,639
96,861
96,972
97,506
97,529
97,540
97,562
97,573
97,595
97,58
97,80
98,540
98,551
98,562
98,573
98,584
98,91
98,97
99,540
99,551
99,573
99,584
99,95
99,98
100,540
100,562
100,573
100,595
100,91
100,97
101,606
101,617
101,640
101,651
101,662
102,606
102,617
102,640
102,651
102,101
103,606
103,628
103,640
103,662
104,606
104,617
104,628
104,640
104,651
104,673
104,684
104,695
104,101
104,103
105,606
105,617
105,640
105,651
105,673
105,684
105,102
105,104
106,606
106,628
106,640
106,662
106,673
106,695
106,101
106,103
107,972
107,96
108,640
108,651
108,662
108,673
108,684
108,706
108,717
108,728
108,104
108,106
109,640
109,651
109,673
109,684
109,706
109,717
109,105
109,108
110,640
110,662
110,673
110,695
110,706
110,728
110,104
110,106
111,673
111,684
111,695
111,706
111,717
111,739
111,751
111,762
111,108
111,110
112,673
112,684
112,706
112,717
112,739
112,751
112,109
112,111
113,673
113,695
113,706
113,728
113,739
113,762
113,108
113,110
114,706
114,717
114,728
114,739
114,751
114,773
114,784
114,795
114,111
114,113
115,706
115,717
115,739
115,751
115,773
115,784
115,112
115,114
116,706
116,728
116,739
116,762
116,773
116,795
116,111
116,113
117,739
117,751
117,762
117,773
117,784
117,806
117,817
117,828
117,114
117,116
118,2
118,107
119,739
119,751
119,773
119,784
119,806
119,817
119,115
119,117
120,739
120,762
120,773
120,795
120,806
120,828
120,114
120,116
121,773
121,784
121,795
121,806
121,817
121,839
121,850
121,862
121,117
121,120
122,773
122,784
122,806
122,817
122,839
122,850
122,119
122,121
123,773
123,795
123,806
123,828
123,839
123,862
123,117
123,120
124,806
124,817
124,828
124,839
124,850
124,873
124,884
124,895
124,121
124,123
125,806
125,817
125,839
125,850
125,873
125,884
125,122
125,124
126,806
126,828
126,839
126,862
126,873
126,895
126,121
126,123
127,839
127,850
127,862
127,873
127,884
127,906
127,917
127,928
127,124
127,126
128,839
128,850
128,873
128,884
128,906
128,917
128,125
128,127
129,972
129,96
129,107
130,839
130,862
130,873
130,895
130,906
130,928
130,124
130,126
131,873
131,884
131,895
131,906
131,917
131,939
131,950
131,961
131,127
131,130
132,873
132,884
132,906
132,917
132,939
132,950
132,128
132,131
133,873
133,895
133,906
133,928
133,939
133,961
133,127
133,130
134,906
134,917
134,928
134,939
134,950
134,973
134,984
134,995
134,131
134,133
135,906
135,917
135,939
135,950
135,973
135,984
135,132
135,134
136,906
136,928
136,939
136,961
136,973
136,995
136,131
136,133
137,939
137,950
137,961
137,973
137,984
137,1006
137,1017
137,1028
137,134
137,136
138,939
138,950
138,973
138,984
138,1006
138,1017
138,135
138,137
139,939
139,961
139,973
139,995
139,1006
139,1028
139,134
139,136
140,107
140,129
141,973
141,984
141,995
141,1006
141,1017
141,1039
141,1050
141,1061
141,137
141,139
142,973
142,984
142,1006
142,1017
142,1039
142,1050
142,138
142,141
143,973
143,995
143,1006
143,1028
143,1039
143,1061
143,137
143,139
144,1006
144,1017
144,1028
144,1039
144,1050
144,1072
144,3
144,14
144,141
144,143
145,1006
145,1017
145,1039
145,1050
145,1072
145,3
145,142
145,144
146,1006
146,1028
146,1039
146,1061
146,1072
146,14
146,141
146,143
147,1039
147,1050
147,1061
147,1072
147,3
147,25
147,36
147,47
147,144
147,146
148,1039
148,1050
148,1072
148,3
148,25
148,36
148,145
148,147
149,1039
149,1061
149,1072
149,14
149,25
149,47
149,144
149,146
150,1072
150,3
150,14
150,25
150,36
150,58
150,69
150,80
150,147
150,149
151,118
151,140
152,1072
152,3
152,25
152,36
152,58
152,69
152,148
152,150
153,1072
153,14
153,25
153,47
153,58
153,80
153,147
153,149
154,25
154,36
154,47
154,58
154,69
154,91
154,95
154,97
154,150
154,153
155,25
155,36
155,58
155,69
155,91
155,95
155,152
155,154
156,25
156,47
156,58
156,80
156,91
156,97
156,150
156,153
157,58
157,69
157,80
157,91
157,95
157,98
157,99
157,100
157,154
157,156
158,58
158,69
158,91
158,95
158,98
158,99
158,155
158,157
159,58
159,80
159,91
159,97
159,98
159,100
159,154
159,156
160,91
160,95
160,97
160,98
160,99
160,157
160,159
161,91
161,95
161,98
161,99
161,158
161,160
162,107
162,129
162,140
163,91
163,97
163,98
163,100
163,157
163,159
164,101
164,102
164,104
164,105
164,106
165,101
165,102
165,104
165,105
165,164
166,101
166,103
166,104
166,106
167,101
167,102
167,103
167,104
167,105
167,108
167,109
167,110
167,164
167,166
168,101
168,102
168,104
168,105
168,108
168,109
168,165
168,167
169,101
169,103
169,104
169,106
169,108
169,110
169,164
169,166
170,104
170,105
170,106
170,108
170,109
170,111
170,112
170,113
170,167
170,169
171,104
171,105
171,108
171,109
171,111
171,112
171,168
171,170
172,104
172,106
172,108
172,110
172,111
172,113
172,167
172,169
173,140
173,162
174,108
174,109
174,110
174,111
174,112
174,114
174,115
174,116
174,170
174,172
175,108
175,109
175,111
175,112
175,114
175,115
175,171
175,174
176,108
176,110
176,111
176,113
176,114
176,116
176,170
176,172
177,111
177,112
177,113
177,114
177,115
177,117
177,119
177,120
177,174
177,176
178,111
178,112
178,114
178,115
178,117
178,119
178,175
178,177
179,111
179,113
179,114
179,116
179,117
179,120
179,174
179,176
180,114
180,115
180,116
180,117
180,119
180,121
180,122
180,123
180,177
180,179
181,114
181,115
181,117
181,119
181,121
181,122
181,178
181,180
182,114
182,116
182,117
182,120
182,121
182,123
182,177
182,179
183,117
183,119
183,120
183,121
183,122
183,124
183,125
183,126
183,180
183,182
184,151
184,173
185,117
185,119
185,121
185,122
185,124
185,125
185,181
185,183
186,117
186,120
186,121
186,123
186,124
186,126
186,180
186,182
187,121
187,122
187,123
187,124
187,125
187,127
187,128
187,130
187,183
187,186
188,121
188,122
188,124
188,125
188,127
188,128
188,185
188,187
189,121
189,123
189,124
189,126
189,127
189,130
189,183
189,186
190,124
190,125
190,126
190,127
190,128
190,131
190,132
190,133
190,187
190,189
191,124
191,125
191,127
191,128
191,131
191,132
191,188
191,190
192,124
192,126
192,127
192,130
192,131
192,133
192,187
192,189
193,127
193,128
193,130
193,131
193,132
193,134
193,135
193,136
193,190
193,192
194,127
194,128
194,131
194,132
194,134
194,135
194,191
194,193
196,140
196,162
196,173
197,127
197,130
197,131
197,133
197,134
197,136
197,190
197,192
198,131
198,132
198,133
198,134
198,135
198,137
198,138
198,139
198,193
198,197
199,131
199,132
199,134
199,135
199,137
199,138
199,194
199,198
200,131
200,133
200,134
200,136
200,137
200,139
200,193
200,197
201,134
201,135
201,136
201,137
201,138
201,141
201,142
201,143
201,198
201,200
202,134
202,135
202,137
202,138
202,141
202,142
202,199
202,201
203,134
203,136
203,137
203,139
203,141
203,143
203,198
203,200
204,137
204,138
204,139
204,141
204,142
204,144
204,145
204,146
204,201
204,203
205,137
205,138
205,141
205,142
205,144
205,145
205,202
205,204
206,137
206,139
206,141
206,143
206,144
206,146
206,201
206,203
207,173
207,196
208,141
208,142
208,143
208,144
208,145
208,147
208,148
208,149
208,204
208,206
209,141
209,142
209,144
209,145
209,147
209,148
209,205
209,208
210,141
210,143
210,144
210,146
210,147
210,149
210,204
210,206
211,144
211,145
211,146
211,147
211,148
211,150
211,152
211,153
211,208
211,210
212,144
212,145
212,147
212,148
212,150
212,152
212,209
212,211
213,144
213,146
213,147
213,149
213,150
213,153
213,208
213,210
214,147
214,148
214,149
214,150
214,152
214,154
214,155
214,156
214,211
214,213
215,147
215,148
215,150
215,152
215,154
215,155
215,212
215,214
216,147
216,149
216,150
216,153
216,154
216,156
216,211
216,213
217,150
217,152
217,153
217,154
217,155
217,157
217,158
217,159
217,214
217,216
218,184
218,207
219,150
219,152
219,154
219,155
219,157
219,158
219,215
219,217
220,150
220,153
220,154
220,156
220,157
220,159
220,214
220,216
221,154
221,155
221,156
221,157
221,158
221,160
221,161
221,163
221,217
221,220
222,154
222,155
222,157
222,158
222,160
222,161
222,219
222,221
223,154
223,156
223,157
223,159
223,160
223,163
223,217
223,220
224,157
224,158
224,159
224,160
224,161
224,221
224,223
225,157
225,158
225,160
225,161
225,222
225,224
226,157
226,159
226,160
226,163
226,221
226,223
227,164
227,165
227,167
227,168
227,169
228,164
228,165
228,167
228,168
228,227
229,173
229,196
229,207
230,164
230,166
230,167
230,169
231,164
231,165
231,166
231,167
231,168
231,170
231,171
231,172
231,227
231,230
232,164
232,165
232,167
232,168
232,170
232,171
232,228
232,231
233,164
233,166
233,167
233,169
233,170
233,172
233,227
233,230
234,167
234,168
234,169
234,170
234,171
234,174
234,175
234,176
234,231
234,233
235,167
235,168
235,170
235,171
235,174
235,175
235,232
235,234
236,167
236,169
236,170
236,172
236,174
236,176
236,231
236,233
237,170
237,171
237,172
237,174
237,175
237,177
237,178
237,179
237,234
237,236
238,170
238,171
238,174
238,175
238,177
238,178
238,235
238,237
239,170
239,172
239,174
239,176
239,177
239,179
239,234
239,236
240,207
240,229
241,174
241,175
241,176
241,177
241,178
241,180
241,181
241,182
241,237
241,239
242,174
242,175
242,177
242,178
242,180
242,181
242,238
242,241
243,174
243,176
243,177
243,179
243,180
243,182
243,237
243,239
244,177
244,178
244,179
244,180
244,181
244,183
244,185
244,186
244,241
244,243
245,177
245,178
245,180
245,181
245,183
245,185
245,242
245,244
246,177
246,179
246,180
246,182
246,183
246,186
246,241
246,243
247,180
247,181
247,182
247,183
247,185
247,187
247,188
247,189
247,244
247,246
248,180
248,181
248,183
248,185
248,187
248,188
248,245
248,247
249,180
249,182
249,183
249,186
249,187
249,189
249,244
249,246
250,183
250,185
250,186
250,187
250,188
250,190
250,191
250,192
250,247
250,249
251,218
251,240
252,183
252,185
252,187
252,188
252,190
252,191
252,248
252,250
253,183
253,186
253,187
253,189
253,190
253,192
253,247
253,249
254,187
254,188
254,189
254,190
254,191
254,193
254,194
254,197
254,250
254,253
255,187
255,188
255,190
255,191
255,193
255,194
255,252
255,254
256,187
256,189
256,190
256,192
256,193
256,197
256,250
256,253
257,190
257,191
257,192
257,193
257,194
257,198
257,199
257,200
257,254
257,256
258,190
258,191
258,193
258,194
258,198
258,199
258,255
258,257
259,190
259,192
259,193
259,197
259,198
259,200
259,254
259,256
260,193
260,194
260,197
260,198
260,199
260,201
260,202
260,203
260,257
260,259
261,193
261,194
261,198
261,199
261,201
261,202
261,258
261,260
262,207
262,229
262,240
263,193
263,197
263,198
263,200
263,201
263,203
263,257
263,259
264,198
264,199
264,200
264,201
264,202
264,204
264,205
264,206
264,260
264,263
265,198
265,199
265,201
265,202
265,204
265,205
265,261
265,264
266,198
266,200
266,201
266,203
266,204
266,206
266,260
266,263
267,201
267,202
267,203
267,204
267,205
267,208
267,209
267,210
267,264
267,266
268,201
268,202
268,204
268,205
268,208
268,209
268,265
268,267
269,201
269,203
269,204
269,206
269,208
269,210
269,264
269,266
270,204
270,205
270,206
270,208
270,209
270,211
270,212
270,213
270,267
270,269
271,204
271,205
271,208
271,209
271,211
271,212
271,268
271,270
272,204
272,206
272,208
272,210
272,211
272,213
272,267
272,269
273,240
273,262
274,208
274,209
274,210
274,211
274,212
274,214
274,215
274,216
274,270
274,272
275,208
275,209
275,211
275,212
275,214
275,215
275,271
275,274
276,208
276,210
276,211
276,213
276,214
276,216
276,270
276,272
277,211
277,212
277,213
277,214
277,215
277,217
277,219
277,220
277,274
277,276
278,211
278,212
278,214
278,215
278,217
278,219
278,275
278,277
279,211
279,213
279,214
279,216
279,217
279,220
279,274
279,276
280,214
280,215
280,216
280,217
280,219
280,221
280,222
280,223
280,277
280,279
281,214
281,215
281,217
281,219
281,221
281,222
281,278
281,280
282,214
282,216
282,217
282,220
282,221
282,223
282,277
282,279
283,217
283,219
283,220
283,221
283,222
283,224
283,225
283,226
283,280
283,282
284,251
284,273
285,217
285,219
285,221
285,222
285,224
285,225
285,281
285,283
286,217
286,220
286,221
286,223
286,224
286,226
286,280
286,282
287,221
287,222
287,223
287,224
287,225
287,283
287,286
288,221
288,222
288,224
288,225
288,285
288,287
289,221
289,223
289,224
289,226
289,283
289,286
290,227
290,228
290,231
290,232
290,233
291,227
291,228
291,231
291,232
291,290
292,227
292,230
292,231
292,233
293,227
293,228
293,230
293,231
293,232
293,234
293,235
293,236
293,290
293,292
294,227
294,228
294,231
294,232
294,234
294,235
294,291
294,293
295,240
295,262
295,273
296,227
296,230
296,231
296,233
296,234
296,236
296,290
296,292
297,231
297,232
297,233
297,234
297,235
297,237
297,238
297,239
297,293
297,296
298,231
298,232
298,234
298,235
298,237
298,238
298,294
298,297
299,231
299,233
299,234
299,236
299,237
299,239
299,293
299,296
300,234
300,235
300,236
300,237
300,238
300,241
300,242
300,243
300,297
300,299
301,234
301,235
301,237
301,238
301,241
301,242
301,298
301,300
302,234
302,236
302,237
302,239
302,241
302,243
302,297
302,299
303,237
303,238
303,239
303,241
303,242
303,244
303,245
303,246
303,300
303,302
304,237
304,238
304,241
304,242
304,244
304,245
304,301
304,303
305,237
305,239
305,241
305,243
305,244
305,246
305,300
305,302
306,0
306,195
307,273
307,295
308,241
308,242
308,243
308,244
308,245
308,247
308,248
308,249
308,303
308,305
309,241
309,242
309,244
309,245
309,247
309,248
309,304
309,308
310,241
310,243
310,244
310,246
310,247
310,249
310,303
310,305
311,244
311,245
311,246
311,247
311,248
311,250
311,252
311,253
311,308
311,310
312,244
312,245
312,247
312,248
312,250
312,252
312,309
312,311
313,244
313,246
313,247
313,249
313,250
313,253
313,308
313,310
314,247
314,248
314,249
314,250
314,252
314,254
314,255
314,256
314,311
314,313
315,247
315,248
315,250
315,252
315,254
315,255
315,312
315,314
316,247
316,249
316,250
316,253
316,254
316,256
316,311
316,313
317,250
317,252
317,253
317,254
317,255
317,257
317,258
317,259
317,314
317,316
318,284
318,307
319,250
319,252
319,254
319,255
319,257
319,258
319,315
319,317
320,250
320,253
320,254
320,256
320,257
320,259
320,314
320,316
321,254
321,255
321,256
321,257
321,258
321,260
321,261
321,263
321,317
321,320
322,254
322,255
322,257
322,258
322,260
322,261
322,319
322,321
323,254
323,256
323,257
323,259
323,260
323,263
323,317
323,320
324,257
324,258
324,259
324,260
324,261
324,264
324,265
324,266
324,321
324,323
325,257
325,258
325,260
325,261
325,264
325,265
325,322
325,324
326,257
326,259
326,260
326,263
326,264
326,266
326,321
326,323
327,260
327,261
327,263
327,264
327,265
327,267
327,268
327,269
327,324
327,326
328,260
328,261
328,264
328,265
328,267
328,268
328,325
328,327
329,273
329,295
329,307
330,260
330,263
330,264
330,266
330,267
330,269
330,324
330,326
331,264
331,265
331,266
331,267
331,268
331,270
331,271
331,272
331,327
331,330
332,264
332,265
332,267
332,268
332,270
332,271
332,328
332,331
333,264
333,266
333,267
333,269
333,270
333,272
333,327
333,330
334,267
334,268
334,269
334,270
334,271
334,274
334,275
334,276
334,331
334,333
335,267
335,268
335,270
335,271
335,274
335,275
335,332
335,334
336,267
336,269
336,270
336,272
336,274
336,276
336,331
336,333
337,270
337,271
337,272
337,274
337,275
337,277
337,278
337,279
337,334
337,336
338,270
338,271
338,274
338,275
338,277
338,278
338,335
338,337
339,270
339,272
339,274
339,276
339,277
339,279
339,334
339,336
340,307
340,329
341,274
341,275
341,276
341,277
341,278
341,280
341,281
341,282
341,337
341,339
342,274
342,275
342,277
342,278
342,280
342,281
342,338
342,341
343,274
343,276
343,277
343,279
343,280
343,282
343,337
343,339
344,277
344,278
344,279
344,280
344,281
344,283
344,285
344,286
344,341
344,343
345,277
345,278
345,280
345,281
345,283
345,285
345,342
345,344
346,277
346,279
346,280
346,282
346,283
346,286
346,341
346,343
347,280
347,281
347,282
347,283
347,285
347,287
347,288
347,289
347,344
347,346
348,280
348,281
348,283
348,285
348,287
348,288
348,345
348,347
349,280
349,282
349,283
349,286
349,287
349,289
349,344
349,346
350,283
350,285
350,286
350,287
350,288
350,347
350,349
351,318
351,340
352,283
352,285
352,287
352,288
352,348
352,350
353,283
353,286
353,287
353,289
353,347
353,349
354,290
354,291
354,293
354,294
354,296
355,290
355,291
355,293
355,294
355,354
356,290
356,292
356,293
356,296
357,290
357,291
357,292
357,293
357,294
357,297
357,298
357,299
357,354
357,356
358,290
358,291
358,293
358,294
358,297
358,298
358,355
358,357
359,290
359,292
359,293
359,296
359,297
359,299
359,354
359,356
360,293
360,294
360,296
360,297
360,298
360,300
360,301
360,302
360,357
360,359
361,293
361,294
361,297
361,298
361,300
361,301
361,358
361,360
362,307
362,329
362,340
363,293
363,296
363,297
363,299
363,300
363,302
363,357
363,359
364,297
364,298
364,299
364,300
364,301
364,303
364,304
364,305
364,360
364,363
365,297
365,298
365,300
365,301
365,303
365,304
365,361
365,364
366,297
366,299
366,300
366,302
366,303
366,305
366,360
366,363
367,300
367,301
367,302
367,303
367,304
367,308
367,309
367,310
367,364
367,366
368,300
368,301
368,303
368,304
368,308
368,309
368,365
368,367
369,300
369,302
369,303
369,305
369,308
369,310
369,364
369,366
370,303
370,304
370,305
370,308
370,309
370,311
370,312
370,313
370,367
370,369
371,303
371,304
371,308
371,309
371,311
371,312
371,368
371,370
372,303
372,305
372,308
372,310
372,311
372,313
372,367
372,369
373,340
373,362
374,308
374,309
374,310
374,311
374,312
374,314
374,315
374,316
374,370
374,372
375,308
375,309
375,311
375,312
375,314
375,315
375,371
375,374
376,308
376,310
376,311
376,313
376,314
376,316
376,370
376,372
377,311
377,312
377,313
377,314
377,315
377,317
377,319
377,320
377,374
377,376
378,311
378,312
378,314
378,315
378,317
378,319
378,375
378,377
379,311
379,313
379,314
379,316
379,317
379,320
379,374
379,376
380,314
380,315
380,316
380,317
380,319
380,321
380,322
380,323
380,377
380,379
381,314
381,315
381,317
381,319
381,321
381,322
381,378
381,380
382,314
382,316
382,317
382,320
382,321
382,323
382,377
382,379
383,317
383,319
383,320
383,321
383,322
383,324
383,325
383,326
383,380
383,382
384,351
384,373
385,317
385,319
385,321
385,322
385,324
385,325
385,381
385,383
386,317
386,320
386,321
386,323
386,324
386,326
386,380
386,382
387,321
387,322
387,323
387,324
387,325
387,327
387,328
387,330
387,383
387,386
388,321
388,322
388,324
388,325
388,327
388,328
388,385
388,387
389,321
389,323
389,324
389,326
389,327
389,330
389,383
389,386
390,324
390,325
390,326
390,327
390,328
390,331
390,332
390,333
390,387
390,389
391,324
391,325
391,327
391,328
391,331
391,332
391,388
391,390
392,324
392,326
392,327
392,330
392,331
392,333
392,387
392,389
393,327
393,328
393,330
393,331
393,332
393,334
393,335
393,336
393,390
393,392
394,327
394,328
394,331
394,332
394,334
394,335
394,391
394,393
395,340
395,362
395,373
396,327
396,330
396,331
396,333
396,334
396,336
396,390
396,392
397,331
397,332
397,333
397,334
397,335
397,337
397,338
397,339
397,393
397,396
398,331
398,332
398,334
398,335
398,337
398,338
398,394
398,397
399,331
399,333
399,334
399,336
399,337
399,339
399,393
399,396
400,334
400,335
400,336
400,337
400,338
400,341
400,342
400,343
400,397
400,399
401,334
401,335
401,337
401,338
401,341
401,342
401,398
401,400
402,334
402,336
402,337
402,339
402,341
402,343
402,397
402,399
403,337
403,338
403,339
403,341
403,342
403,344
403,345
403,346
403,400
403,402
404,337
404,338
404,341
404,342
404,344
404,345
404,401
404,403
405,337
405,339
405,341
405,343
405,344
405,346
405,400
405,402
406,373
406,395
407,341
407,342
407,343
407,344
407,345
407,347
407,348
407,349
407,403
407,405
408,341
408,342
408,344
408,345
408,347
408,348
408,404
408,407
409,341
409,343
409,344
409,346
409,347
409,349
409,403
409,405
410,344
410,345
410,346
410,347
410,348
410,350
410,352
410,353
410,407
410,409
411,344
411,345
411,347
411,348
411,350
411,352
411,408
411,410
412,344
412,346
412,347
412,349
412,350
412,353
412,407
412,409
413,347
413,348
413,349
413,350
413,352
413,410
413,412
414,347
414,348
414,350
414,352
414,411
414,413
415,347
415,349
415,350
415,353
415,410
415,412
416,354
416,355
416,357
416,358
416,359
417,1
417,306
418,384
418,406
419,354
419,355
419,357
419,358
419,416
420,354
420,356
420,357
420,359
421,354
421,355
421,356
421,357
421,358
421,360
421,361
421,363
421,416
421,420
422,354
422,355
422,357
422,358
422,360
422,361
422,419
422,421
423,354
423,356
423,357
423,359
423,360
423,363
423,416
423,420
424,357
424,358
424,359
424,360
424,361
424,364
424,365
424,366
424,421
424,423
425,357
425,358
425,360
425,361
425,364
425,365
425,422
425,424
426,357
426,359
426,360
426,363
426,364
426,366
426,421
426,423
427,360
427,361
427,363
427,364
427,365
427,367
427,368
427,369
427,424
427,426
428,360
428,361
428,364
428,365
428,367
428,368
428,425
428,427
429,373
429,395
429,406
430,360
430,363
430,364
430,366
430,367
430,369
430,424
430,426
431,364
431,365
431,366
431,367
431,368
431,370
431,371
431,372
431,427
431,430
432,364
432,365
432,367
432,368
432,370
432,371
432,428
432,431
433,364
433,366
433,367
433,369
433,370
433,372
433,427
433,430
434,367
434,368
434,369
434,370
434,371
434,374
434,375
434,376
434,431
434,433
435,367
435,368
435,370
435,371
435,374
435,375
435,432
435,434
436,367
436,369
436,370
436,372
436,374
436,376
436,431
436,433
437,370
437,371
437,372
437,374
437,375
437,377
437,378
437,379
437,434
437,436
438,370
438,371
438,374
438,375
438,377
438,378
438,435
438,437
439,370
439,372
439,374
439,376
439,377
439,379
439,434
439,436
440,406
440,429
441,374
441,375
441,376
441,377
441,378
441,380
441,381
441,382
441,437
441,439
442,374
442,375
442,377
442,378
442,380
442,381
442,438
442,441
443,374
443,376
443,377
443,379
443,380
443,382
443,437
443,439
444,377
444,378
444,379
444,380
444,381
444,383
444,385
444,386
444,441
444,443
445,377
445,378
445,380
445,381
445,383
445,385
445,442
445,444
446,377
446,379
446,380
446,382
446,383
446,386
446,441
446,443
447,380
447,381
447,382
447,383
447,385
447,387
447,388
447,389
447,444
447,446
448,380
448,381
448,383
448,385
448,387
448,388
448,445
448,447
449,380
449,382
449,383
449,386
449,387
449,389
449,444
449,446
450,383
450,385
450,386
450,387
450,388
450,390
450,391
450,392
450,447
450,449
451,418
451,440
452,383
452,385
452,387
452,388
452,390
452,391
452,448
452,450
453,383
453,386
453,387
453,389
453,390
453,392
453,447
453,449
454,387
454,388
454,389
454,390
454,391
454,393
454,394
454,396
454,450
454,453
455,387
455,388
455,390
455,391
455,393
455,394
455,452
455,454
456,387
456,389
456,390
456,392
456,393
456,396
456,450
456,453
457,390
457,391
457,392
457,393
457,394
457,397
457,398
457,399
457,454
457,456
458,390
458,391
458,393
458,394
458,397
458,398
458,455
458,457
459,390
459,392
459,393
459,396
459,397
459,399
459,454
459,456
460,393
460,394
460,396
460,397
460,398
460,400
460,401
460,402
460,457
460,459
461,393
461,394
461,397
461,398
461,400
461,401
461,458
461,460
462,406
462,429
462,440
463,393
463,396
463,397
463,399
463,400
463,402
463,457
463,459
464,397
464,398
464,399
464,400
464,401
464,403
464,404
464,405
464,460
464,463
465,397
465,398
465,400
465,401
465,403
465,404
465,461
465,464
466,397
466,399
466,400
466,402
466,403
466,405
466,460
466,463
467,400
467,401
467,402
467,403
467,404
467,407
467,408
467,409
467,464
467,466
468,400
468,401
468,403
468,404
468,407
468,408
468,465
468,467
469,400
469,402
469,403
469,405
469,407
469,409
469,464
469,466
470,403
470,404
470,405
470,407
470,408
470,410
470,411
470,412
470,467
470,469
471,403
471,404
471,407
471,408
471,410
471,411
471,468
471,470
472,403
472,405
472,407
472,409
472,410
472,412
472,467
472,469
473,440
473,462
474,407
474,408
474,409
474,410
474,411
474,413
474,414
474,415
474,470
474,472
475,407
475,408
475,410
475,411
475,413
475,414
475,471
475,474
476,407
476,409
476,410
476,412
476,413
476,415
476,470
476,472
477,410
477,411
477,412
477,413
477,414
477,474
477,476
478,410
478,411
478,413
478,414
478,475
478,477
479,410
479,412
479,413
479,415
479,474
479,476
480,416
480,419
480,421
480,422
480,423
481,416
481,419
481,421
481,422
481,480
482,416
482,420
482,421
482,423
483,416
483,419
483,420
483,421
483,422
483,424
483,425
483,426
483,480
483,482
484,451
484,473
485,416
485,419
485,421
485,422
485,424
485,425
485,481
485,483
486,416
486,420
486,421
486,423
486,424
486,426
486,480
486,482
487,421
487,422
487,423
487,424
487,425
487,427
487,428
487,430
487,483
487,486
488,421
488,422
488,424
488,425
488,427
488,428
488,485
488,487
489,421
489,423
489,424
489,426
489,427
489,430
489,483
489,486
490,424
490,425
490,426
490,427
490,428
490,431
490,432
490,433
490,487
490,489
491,424
491,425
491,427
491,428
491,431
491,432
491,488
491,490
492,424
492,426
492,427
492,430
492,431
492,433
492,487
492,489
493,427
493,428
493,430
493,431
493,432
493,434
493,435
493,436
493,490
493,492
494,427
494,428
494,431
494,432
494,434
494,435
494,491
494,493
495,440
495,462
495,473
496,427
496,430
496,431
496,433
496,434
496,436
496,490
496,492
497,431
497,432
497,433
497,434
497,435
497,437
497,438
497,439
497,493
497,496
498,431
498,432
498,434
498,435
498,437
498,438
498,494
498,497
499,431
499,433
499,434
499,436
499,437
499,439
499,493
499,496
500,434
500,435
500,436
500,437
500,438
500,441
500,442
500,443
500,497
500,499
501,434
501,435
501,437
501,438
501,441
501,442
501,498
501,500
502,434
502,436
502,437
502,439
502,441
502,443
502,497
502,499
503,437
503,438
503,439
503,441
503,442
503,444
503,445
503,446
503,500
503,502
504,437
504,438
504,441
504,442
504,444
504,445
504,501
504,503
505,437
505,439
505,441
505,443
505,444
505,446
505,500
505,502
506,473
506,495
507,441
507,442
507,443
507,444
507,445
507,447
507,448
507,449
507,503
507,505
508,441
508,442
508,444
508,445
508,447
508,448
508,504
508,507
509,441
509,443
509,444
509,446
509,447
509,449
509,503
509,505
510,444
510,445
510,446
510,447
510,448
510,450
510,452
510,453
510,507
510,509
511,444
511,445
511,447
511,448
511,450
511,452
511,508
511,510
512,444
512,446
512,447
512,449
512,450
512,453
512,507
512,509
513,447
513,448
513,449
513,450
513,452
513,454
513,455
513,456
513,510
513,512
514,447
514,448
514,450
514,452
514,454
514,455
514,511
514,513
515,447
515,449
515,450
515,453
515,454
515,456
515,510
515,512
516,450
516,452
516,453
516,454
516,455
516,457
516,458
516,459
516,513
516,515
517,484
517,506
518,450
518,452
518,454
518,455
518,457
518,458
518,514
518,516
519,450
519,453
519,454
519,456
519,457
519,459
519,513
519,515
520,454
520,455
520,456
520,457
520,458
520,460
520,461
520,463
520,516
520,519
521,454
521,455
521,457
521,458
521,460
521,461
521,518
521,520
522,454
522,456
522,457
522,459
522,460
522,463
522,516
522,519
523,457
523,458
523,459
523,460
523,461
523,464
523,465
523,466
523,520
523,522
524,457
524,458
524,460
524,461
524,464
524,465
524,521
524,523
525,457
525,459
525,460
525,463
525,464
525,466
525,520
525,522
526,460
526,461
526,463
526,464
526,465
526,467
526,468
526,469
526,523
526,525
527,460
527,461
527,464
527,465
527,467
527,468
527,524
527,526
528,0
528,195
528,306
529,473
529,495
529,506
530,460
530,463
530,464
530,466
530,467
530,469
530,523
530,525
531,464
531,465
531,466
531,467
531,468
531,470
531,471
531,472
531,526
531,530
532,464
532,465
532,467
532,468
532,470
532,471
532,527
532,531
533,464
533,466
533,467
533,469
533,470
533,472
533,526
533,530
534,467
534,468
534,469
534,470
534,471
534,474
534,475
534,476
534,531
534,533
535,467
535,468
535,470
535,471
535,474
535,475
535,532
535,534
536,467
536,469
536,470
536,472
536,474
536,476
536,531
536,533
537,470
537,471
537,472
537,474
537,475
537,477
537,478
537,479
537,534
537,536
538,470
538,471
538,474
538,475
538,477
538,478
538,535
538,537
539,470
539,472
539,474
539,476
539,477
539,479
539,534
539,536
540,506
540,529
541,474
541,475
541,476
541,477
541,478
541,537
541,539
542,474
542,475
542,477
542,478
542,538
542,541
543,474
543,476
543,477
543,479
543,537
543,539
544,480
544,481
544,483
544,485
544,486
545,480
545,481
545,483
545,485
545,544
546,480
546,482
546,483
546,486
547,480
547,481
547,482
547,483
547,485
547,487
547,488
547,489
547,544
547,546
548,480
548,481
548,483
548,485
548,487
548,488
548,545
548,547
549,480
549,482
549,483
549,486
549,487
549,489
549,544
549,546
550,483
550,485
550,486
550,487
550,488
550,490
550,491
550,492
550,547
550,549
551,517
551,540
552,483
552,485
552,487
552,488
552,490
552,491
552,548
552,550
553,483
553,486
553,487
553,489
553,490
553,492
553,547
553,549
554,487
554,488
554,489
554,490
554,491
554,493
554,494
554,496
554,550
554,553
555,487
555,488
555,490
555,491
555,493
555,494
555,552
555,554
556,487
556,489
556,490
556,492
556,493
556,496
556,550
556,553
557,490
557,491
557,492
557,493
557,494
557,497
557,498
557,499
557,554
557,556
558,490
558,491
558,493
558,494
558,497
558,498
558,555
558,557
559,490
559,492
559,493
559,496
559,497
559,499
559,554
559,556
560,493
560,494
560,496
560,497
560,498
560,500
560,501
560,502
560,557
560,559
561,493
561,494
561,497
561,498
561,500
561,501
561,558
561,560
562,506
562,529
562,540
563,493
563,496
563,497
563,499
563,500
563,502
563,557
563,559
564,497
564,498
564,499
564,500
564,501
564,503
564,504
564,505
564,560
564,563
565,497
565,498
565,500
565,501
565,503
565,504
565,561
565,564
566,497
566,499
566,500
566,502
566,503
566,505
566,560
566,563
567,500
567,501
567,502
567,503
567,504
567,507
567,508
567,509
567,564
567,566
568,500
568,501
568,503
568,504
568,507
568,508
568,565
568,567
569,500
569,502
569,503
569,505
569,507
569,509
569,564
569,566
570,503
570,504
570,505
570,507
570,508
570,510
570,511
570,512
570,567
570,569
571,503
571,504
571,507
571,508
571,510
571,511
571,568
571,570
572,503
572,505
572,507
572,509
572,510
572,512
572,567
572,569
573,540
573,562
574,507
574,508
574,509
574,510
574,511
574,513
574,514
574,515
574,570
574,572
575,507
575,508
575,510
575,511
575,513
575,514
575,571
575,574
576,507
576,509
576,510
576,512
576,513
576,515
576,570
576,572
577,510
577,511
577,512
577,513
577,514
577,516
577,518
577,519
577,574
577,576
578,510
578,511
578,513
578,514
578,516
578,518
578,575
578,577
579,510
579,512
579,513
579,515
579,516
579,519
579,574
579,576
580,513
580,514
580,515
580,516
580,518
580,520
580,521
580,522
580,577
580,579
581,513
581,514
581,516
581,518
581,520
581,521
581,578
581,580
582,513
582,515
582,516
582,519
582,520
582,522
582,577
582,579
583,516
583,518
583,519
583,520
583,521
583,523
583,524
583,525
583,580
583,582
584,551
584,573
585,516
585,518
585,520
585,521
585,523
585,524
585,581
585,583
586,516
586,519
586,520
586,522
586,523
586,525
586,580
586,582
587,520
587,521
587,522
587,523
587,524
587,526
587,527
587,530
587,583
587,586
588,520
588,521
588,523
588,524
588,526
588,527
588,585
588,587
589,520
589,522
589,523
589,525
589,526
589,530
589,583
589,586
590,523
590,524
590,525
590,526
590,527
590,531
590,532
590,533
590,587
590,589
591,523
591,524
591,526
591,527
591,531
591,532
591,588
591,590
592,523
592,525
592,526
592,530
592,531
592,533
592,587
592,589
593,526
593,527
593,530
593,531
593,532
593,534
593,535
593,536
593,590
593,592
594,526
594,527
594,531
594,532
594,534
594,535
594,591
594,593
595,540
595,562
595,573
596,526
596,530
596,531
596,533
596,534
596,536
596,590
596,592
597,531
597,532
597,533
597,534
597,535
597,537
597,538
597,539
597,593
597,596
598,531
598,532
598,534
598,535
598,537
598,538
598,594
598,597
599,531
599,533
599,534
599,536
599,537
599,539
599,593
599,596
600,534
600,535
600,536
600,537
600,538
600,541
600,542
600,543
600,597
600,599
601,534
601,535
601,537
601,538
601,541
601,542
601,598
601,600
602,534
602,536
602,537
602,539
602,541
602,543
602,597
602,599
603,537
603,538
603,539
603,541
603,542
603,600
603,602
604,537
604,538
604,541
604,542
604,601
604,603
605,537
605,539
605,541
605,543
605,600
605,602
606,0
606,1
606,306
606,417
606,528
607,544
607,545
607,547
607,548
607,549
608,544
608,545
608,547
608,548
608,607
609,544
609,546
609,547
609,549
610,544
610,545
610,546
610,547
610,548
610,550
610,552
610,553
610,607
610,609
611,544
611,545
611,547
611,548
611,550
611,552
611,608
611,610
612,544
612,546
612,547
612,549
612,550
612,553
612,607
612,609
613,547
613,548
613,549
613,550
613,552
613,554
613,555
613,556
613,610
613,612
614,547
614,548
614,550
614,552
614,554
614,555
614,611
614,613
615,547
615,549
615,550
615,553
615,554
615,556
615,610
615,612
616,550
616,552
616,553
616,554
616,555
616,557
616,558
616,559
616,613
616,615
617,0
617,1
617,306
617,417
617,606
618,550
618,552
618,554
618,555
618,557
618,558
618,614
618,616
619,550
619,553
619,554
619,556
619,557
619,559
619,613
619,615
620,554
620,555
620,556
620,557
620,558
620,560
620,561
620,563
620,616
620,619
621,554
621,555
621,557
621,558
621,560
621,561
621,618
621,620
622,554
622,556
622,557
622,559
622,560
622,563
622,616
622,619
623,557
623,558
623,559
623,560
623,561
623,564
623,565
623,566
623,620
623,622
624,557
624,558
624,560
624,561
624,564
624,565
624,621
624,623
625,557
625,559
625,560
625,563
625,564
625,566
625,620
625,622
626,560
626,561
626,563
626,564
626,565
626,567
626,568
626,569
626,623
626,625
627,560
627,561
627,564
627,565
627,567
627,568
627,624
627,626
628,0
628,195
628,306
628,528
629,560
629,563
629,564
629,566
629,567
629,569
629,623
629,625
630,564
630,565
630,566
630,567
630,568
630,570
630,571
630,572
630,626
630,629
631,564
631,565
631,567
631,568
631,570
631,571
631,627
631,630
632,564
632,566
632,567
632,569
632,570
632,572
632,626
632,629
633,567
633,568
633,569
633,570
633,571
633,574
633,575
633,576
633,630
633,632
634,567
634,568
634,570
634,571
634,574
634,575
634,631
634,633
635,567
635,569
635,570
635,572
635,574
635,576
635,630
635,632
636,570
636,571
636,572
636,574
636,575
636,577
636,578
636,579
636,633
636,635
637,570
637,571
637,574
637,575
637,577
637,578
637,634
637,636
638,570
638,572
638,574
638,576
638,577
638,579
638,633
638,635
639,306
639,528
640,0
640,1
640,195
640,306
640,417
640,639
640,750
640,861
640,606
640,628
641,574
641,575
641,576
641,577
641,578
641,580
641,581
641,582
641,636
641,638
642,574
642,575
642,577
642,578
642,580
642,581
642,637
642,641
643,574
643,576
643,577
643,579
643,580
643,582
643,636
643,638
644,577
644,578
644,579
644,580
644,581
644,583
644,585
644,586
644,641
644,643
645,577
645,578
645,580
645,581
645,583
645,585
645,642
645,644
646,577
646,579
646,580
646,582
646,583
646,586
646,641
646,643
647,580
647,581
647,582
647,583
647,585
647,587
647,588
647,589
647,644
647,646
648,580
648,581
648,583
648,585
648,587
648,588
648,645
648,647
649,580
649,582
649,583
649,586
649,587
649,589
649,644
649,646
650,583
650,585
650,586
650,587
650,588
650,590
650,591
650,592
650,647
650,649
651,0
651,1
651,306
651,417
651,639
651,750
651,617
651,640
652,583
652,585
652,587
652,588
652,590
652,591
652,648
652,650
653,583
653,586
653,587
653,589
653,590
653,592
653,647
653,649
654,587
654,588
654,589
654,590
654,591
654,593
654,594
654,596
654,650
654,653
655,587
655,588
655,590
655,591
655,593
655,594
655,652
655,654
656,587
656,589
656,590
656,592
656,593
656,596
656,650
656,653
657,590
657,591
657,592
657,593
657,594
657,597
657,598
657,599
657,654
657,656
658,590
658,591
658,593
658,594
658,597
658,598
658,655
658,657
659,590
659,592
659,593
659,596
659,597
659,599
659,654
659,656
660,593
660,594
660,596
660,597
660,598
660,600
660,601
660,602
660,657
660,659
661,593
661,594
661,597
661,598
661,600
661,601
661,658
661,660
662,0
662,195
662,306
662,528
662,639
662,861
662,606
662,628
663,593
663,596
663,597
663,599
663,600
663,602
663,657
663,659
664,597
664,598
664,599
664,600
664,601
664,603
664,604
664,605
664,660
664,663
665,597
665,598
665,600
665,601
665,603
665,604
665,661
665,664
666,597
666,599
666,600
666,602
666,603
666,605
666,660
666,663
667,600
667,601
667,602
667,603
667,604
667,664
667,666
668,600
668,601
668,603
668,604
668,665
668,667
669,600
669,602
669,603
669,605
669,664
669,666
670,607
670,608
670,610
670,611
670,612
671,607
671,608
671,610
671,611
671,670
672,607
672,609
672,610
672,612
673,306
673,417
673,528
673,639
673,750
673,972
673,2
673,96
673,640
673,662
674,607
674,608
674,609
674,610
674,611
674,613
674,614
674,615
674,670
674,672
675,607
675,608
675,610
675,611
675,613
675,614
675,671
675,674
676,607
676,609
676,610
676,612
676,613
676,615
676,670
676,672
677,610
677,611
677,612
677,613
677,614
677,616
677,618
677,619
677,674
677,676
678,610
678,611
678,613
678,614
678,616
678,618
678,675
678,677
679,610
679,612
679,613
679,615
679,616
679,619
679,674
679,676
680,613
680,614
680,615
680,616
680,618
680,620
680,621
680,622
680,677
680,679
681,613
681,614
681,616
681,618
681,620
681,621
681,678
681,680
682,613
682,615
682,616
682,619
682,620
682,622
682,677
682,679
683,616
683,618
683,619
683,620
683,621
683,623
683,624
683,625
683,680
683,682
684,306
684,417
684,639
684,750
684,972
684,2
684,651
684,673
685,616
685,618
685,620
685,621
685,623
685,624
685,681
685,683
686,616
686,619
686,620
686,622
686,623
686,625
686,680
686,682
687,620
687,621
687,622
687,623
687,624
687,626
687,627
687,629
687,683
687,686
688,620
688,621
688,623
688,624
688,626
688,627
688,685
688,687
689,620
689,622
689,623
689,625
689,626
689,629
689,683
689,686
690,623
690,624
690,625
690,626
690,627
690,630
690,631
690,632
690,687
690,689
691,623
691,624
691,626
691,627
691,630
691,631
691,688
691,690
692,623
692,625
692,626
692,629
692,630
692,632
692,687
692,689
693,626
693,627
693,629
693,630
693,631
693,633
693,634
693,635
693,690
693,692
694,626
694,627
694,630
694,631
694,633
694,634
694,691
694,693
695,306
695,528
695,639
695,861
695,972
695,96
695,640
695,662
696,626
696,629
696,630
696,632
696,633
696,635
696,690
696,692
697,630
697,631
697,632
697,633
697,634
697,636
697,637
697,638
697,693
697,696
698,630
698,631
698,633
698,634
698,636
698,637
698,694
698,697
699,630
699,632
699,633
699,635
699,636
699,638
699,693
699,696
700,633
700,634
700,635
700,636
700,637
700,641
700,642
700,643
700,697
700,699
701,633
701,634
701,636
701,637
701,641
701,642
701,698
701,700
702,633
702,635
702,636
702,638
702,641
702,643
702,697
702,699
703,636
703,637
703,638
703,641
703,642
703,644
703,645
703,646
703,700
703,702
704,636
704,637
704,641
704,642
704,644
704,645
704,701
704,703
705,636
705,638
705,641
705,643
705,644
705,646
705,700
705,702
706,639
706,750
706,861
706,972
706,2
706,107
706,118
706,129
706,673
706,695
707,641
707,642
707,643
707,644
707,645
707,647
707,648
707,649
707,703
707,705
708,641
708,642
708,644
708,645
708,647
708,648
708,704
708,707
709,641
709,643
709,644
709,646
709,647
709,649
709,703
709,705
710,644
710,645
710,646
710,647
710,648
710,650
710,652
710,653
710,707
710,709
711,644
711,645
711,647
711,648
711,650
711,652
711,708
711,710
712,644
712,646
712,647
712,649
712,650
712,653
712,707
712,709
713,647
713,648
713,649
713,650
713,652
713,654
713,655
713,656
713,710
713,712
714,647
714,648
714,650
714,652
714,654
714,655
714,711
714,713
715,647
715,649
715,650
715,653
715,654
715,656
715,710
715,712
716,650
716,652
716,653
716,654
716,655
716,657
716,658
716,659
716,713
716,715
717,639
717,750
717,972
717,2
717,107
717,118
717,684
717,706
718,650
718,652
718,654
718,655
718,657
718,658
718,714
718,716
719,650
719,653
719,654
719,656
719,657
719,659
719,713
719,715
720,654
720,655
720,656
720,657
720,658
720,660
720,661
720,663
720,716
720,719
721,654
721,655
721,657
721,658
721,660
721,661
721,718
721,720
722,654
722,656
722,657
722,659
722,660
722,663
722,716
722,719
723,657
723,658
723,659
723,660
723,661
723,664
723,665
723,666
723,720
723,722
724,657
724,658
724,660
724,661
724,664
724,665
724,721
724,723
725,657
725,659
725,660
725,663
725,664
725,666
725,720
725,722
726,660
726,661
726,663
726,664
726,665
726,667
726,668
726,669
726,723
726,725
727,660
727,661
727,664
727,665
727,667
727,668
727,724
727,726
728,639
728,861
728,972
728,96
728,107
728,129
728,673
728,695
729,660
729,663
729,664
729,666
729,667
729,669
729,723
729,725
730,664
730,665
730,666
730,667
730,668
730,726
730,729
731,664
731,665
731,667
731,668
731,727
731,730
732,664
732,666
732,667
732,669
732,726
732,729
733,670
733,671
733,674
733,675
733,676
734,670
734,671
734,674
734,675
734,733
735,670
735,672
735,674
735,676
736,670
736,671
736,672
736,674
736,675
736,677
736,678
736,679
736,733
736,735
737,670
737,671
737,674
737,675
737,677
737,678
737,734
737,736
738,670
738,672
738,674
738,676
738,677
738,679
738,733
738,735
739,972
739,2
739,96
739,107
739,118
739,140
739,151
739,162
739,706
739,728
740,674
740,675
740,676
740,677
740,678
740,680
740,681
740,682
740,736
740,738
741,674
741,675
741,677
741,678
741,680
741,681
741,737
741,740
742,674
742,676
742,677
742,679
742,680
742,682
742,736
742,738
743,677
743,678
743,679
743,680
743,681
743,683
743,685
743,686
743,740
743,742
744,677
744,678
744,680
744,681
744,683
744,685
744,741
744,743
745,677
745,679
745,680
745,682
745,683
745,686
745,740
745,742
746,680
746,681
746,682
746,683
746,685
746,687
746,688
746,689
746,743
746,745
747,680
747,681
747,683
747,685
747,687
747,688
747,744
747,746
748,680
748,682
748,683
748,686
748,687
748,689
748,743
748,745
749,683
749,685
749,686
749,687
749,688
749,690
749,691
749,692
749,746
749,748
750,417
750,639
751,972
751,2
751,107
751,118
751,140
751,151
751,717
751,739
752,683
752,685
752,687
752,688
752,690
752,691
752,747
752,749
753,683
753,686
753,687
753,689
753,690
753,692
753,746
753,748
754,687
754,688
754,689
754,690
754,691
754,693
754,694
754,696
754,749
754,753
755,687
755,688
755,690
755,691
755,693
755,694
755,752
755,754
756,687
756,689
756,690
756,692
756,693
756,696
756,749
756,753
757,690
757,691
757,692
757,693
757,694
757,697
757,698
757,699
757,754
757,756
758,690
758,691
758,693
758,694
758,697
758,698
758,755
758,757
759,690
759,692
759,693
759,696
759,697
759,699
759,754
759,756
760,693
760,694
760,696
760,697
760,698
760,700
760,701
760,702
760,757
760,759
761,693
761,694
761,697
761,698
761,700
761,701
761,758
761,760
762,972
762,96
762,107
762,129
762,140
762,162
762,706
762,728
763,693
763,696
763,697
763,699
763,700
763,702
763,757
763,759
764,697
764,698
764,699
764,700
764,701
764,703
764,704
764,705
764,760
764,763
765,697
765,698
765,700
765,701
765,703
765,704
765,761
765,764
766,697
766,699
766,700
766,702
766,703
766,705
766,760
766,763
767,700
767,701
767,702
767,703
767,704
767,707
767,708
767,709
767,764
767,766
768,700
768,701
768,703
768,704
768,707
768,708
768,765
768,767
769,700
769,702
769,703
769,705
769,707
769,709
769,764
769,766
770,703
770,704
770,705
770,707
770,708
770,710
770,711
770,712
770,767
770,769
771,703
771,704
771,707
771,708
771,710
771,711
771,768
771,770
772,703
772,705
772,707
772,709
772,710
772,712
772,767
772,769
773,107
773,118
773,129
773,140
773,151
773,173
773,184
773,196
773,739
773,762
774,707
774,708
774,709
774,710
774,711
774,713
774,714
774,715
774,770
774,772
775,707
775,708
775,710
775,711
775,713
775,714
775,771
775,774
776,707
776,709
776,710
776,712
776,713
776,715
776,770
776,772
777,710
777,711
777,712
777,713
777,714
777,716
777,718
777,719
777,774
777,776
778,710
778,711
778,713
778,714
778,716
778,718
778,775
778,777
779,710
779,712
779,713
779,715
779,716
779,719
779,774
779,776
780,713
780,714
780,715
780,716
780,718
780,720
780,721
780,722
780,777
780,779
781,713
781,714
781,716
781,718
781,720
781,721
781,778
781,780
782,713
782,715
782,716
782,719
782,720
782,722
782,777
782,779
783,716
783,718
783,719
783,720
783,721
783,723
783,724
783,725
783,780
783,782
784,107
784,118
784,140
784,151
784,173
784,184
784,751
784,773
785,716
785,718
785,720
785,721
785,723
785,724
785,781
785,783
786,716
786,719
786,720
786,722
786,723
786,725
786,780
786,782
787,720
787,721
787,722
787,723
787,724
787,726
787,727
787,729
787,783
787,786
788,720
788,721
788,723
788,724
788,726
788,727
788,785
788,787
789,720
789,722
789,723
789,725
789,726
789,729
789,783
789,786
790,723
790,724
790,725
790,726
790,727
790,730
790,731
790,732
790,787
790,789
791,723
791,724
791,726
791,727
791,730
791,731
791,788
791,790
792,723
792,725
792,726
792,729
792,730
792,732
792,787
792,789
793,726
793,727
793,729
793,730
793,731
793,790
793,792
794,726
794,727
794,730
794,731
794,791
794,793
795,107
795,129
795,140
795,162
795,173
795,196
795,739
795,762
796,726
796,729
796,730
796,732
796,790
796,792
797,733
797,734
797,736
797,737
797,738
798,733
798,734
798,736
798,737
798,797
799,733
799,735
799,736
799,738
800,733
800,734
800,735
800,736
800,737
800,740
800,741
800,742
800,797
800,799
801,733
801,734
801,736
801,737
801,740
801,741
801,798
801,800
802,733
802,735
802,736
802,738
802,740
802,742
802,797
802,799
803,736
803,737
803,738
803,740
803,741
803,743
803,744
803,745
803,800
803,802
804,736
804,737
804,740
804,741
804,743
804,744
804,801
804,803
805,736
805,738
805,740
805,742
805,743
805,745
805,800
805,802
806,140
806,151
806,162
806,173
806,184
806,207
806,218
806,229
806,773
806,795
807,740
807,741
807,742
807,743
807,744
807,746
807,747
807,748
807,803
807,805
808,740
808,741
808,743
808,744
808,746
808,747
808,804
808,807
809,740
809,742
809,743
809,745
809,746
809,748
809,803
809,805
810,743
810,744
810,745
810,746
810,747
810,749
810,752
810,753
810,807
810,809
811,743
811,744
811,746
811,747
811,749
811,752
811,808
811,810
812,743
812,745
812,746
812,748
812,749
812,753
812,807
812,809
813,746
813,747
813,748
813,749
813,752
813,754
813,755
813,756
813,810
813,812
814,746
814,747
814,749
814,752
814,754
814,755
814,811
814,813
815,746
815,748
815,749
815,753
815,754
815,756
815,810
815,812
816,749
816,752
816,753
816,754
816,755
816,757
816,758
816,759
816,813
816,815
817,140
817,151
817,173
817,184
817,207
817,218
817,784
817,806
818,749
818,752
818,754
818,755
818,757
818,758
818,814
818,816
819,749
819,753
819,754
819,756
819,757
819,759
819,813
819,815
820,754
820,755
820,756
820,757
820,758
820,760
820,761
820,763
820,816
820,819
821,754
821,755
821,757
821,758
821,760
821,761
821,818
821,820
822,754
822,756
822,757
822,759
822,760
822,763
822,816
822,819
823,757
823,758
823,759
823,760
823,761
823,764
823,765
823,766
823,820
823,822
824,757
824,758
824,760
824,761
824,764
824,765
824,821
824,823
825,757
825,759
825,760
825,763
825,764
825,766
825,820
825,822
826,760
826,761
826,763
826,764
826,765
826,767
826,768
826,769
826,823
826,825
827,760
827,761
827,764
827,765
827,767
827,768
827,824
827,826
828,140
828,162
828,173
828,196
828,207
828,229
828,773
828,795
829,760
829,763
829,764
829,766
829,767
829,769
829,823
829,825
830,764
830,765
830,766
830,767
830,768
830,770
830,771
830,772
830,826
830,829
831,764
831,765
831,767
831,768
831,770
831,771
831,827
831,830
832,764
832,766
832,767
832,769
832,770
832,772
832,826
832,829
833,767
833,768
833,769
833,770
833,771
833,774
833,775
833,776
833,830
833,832
834,767
834,768
834,770
834,771
834,774
834,775
834,831
834,833
835,767
835,769
835,770
835,772
835,774
835,776
835,830
835,832
836,770
836,771
836,772
836,774
836,775
836,777
836,778
836,779
836,833
836,835
837,770
837,771
837,774
837,775
837,777
837,778
837,834
837,836
838,770
838,772
838,774
838,776
838,777
838,779
838,833
838,835
839,173
839,184
839,196
839,207
839,218
839,240
839,251
839,262
839,806
839,828
840,774
840,775
840,776
840,777
840,778
840,780
840,781
840,782
840,836
840,838
841,774
841,775
841,777
841,778
841,780
841,781
841,837
841,840
842,774
842,776
842,777
842,779
842,780
842,782
842,836
842,838
843,777
843,778
843,779
843,780
843,781
843,783
843,785
843,786
843,840
843,842
844,777
844,778
844,780
844,781
844,783
844,785
844,841
844,843
845,777
845,779
845,780
845,782
845,783
845,786
845,840
845,842
846,780
846,781
846,782
846,783
846,785
846,787
846,788
846,789
846,843
846,845
847,780
847,781
847,783
847,785
847,787
847,788
847,844
847,846
848,780
848,782
848,783
848,786
848,787
848,789
848,843
848,845
849,783
849,785
849,786
849,787
849,788
849,790
849,791
849,792
849,846
849,848
850,173
850,184
850,207
850,218
850,240
850,251
850,817
850,839
851,783
851,785
851,787
851,788
851,790
851,791
851,847
851,849
852,783
852,786
852,787
852,789
852,790
852,792
852,846
852,848
853,787
853,788
853,789
853,790
853,791
853,793
853,794
853,796
853,849
853,852
854,787
854,788
854,790
854,791
854,793
854,794
854,851
854,853
855,787
855,789
855,790
855,792
855,793
855,796
855,849
855,852
856,790
856,791
856,792
856,793
856,794
856,853
856,855
857,790
857,791
857,793
857,794
857,854
857,856
858,790
858,792
858,793
858,796
858,853
858,855
859,797
859,798
859,800
859,801
859,802
860,797
860,798
860,800
860,801
860,859
861,306
861,528
861,639
862,173
862,196
862,207
862,229
862,240
862,262
862,806
862,828
863,797
863,799
863,800
863,802
864,797
864,798
864,799
864,800
864,801
864,803
864,804
864,805
864,859
864,863
865,797
865,798
865,800
865,801
865,803
865,804
865,860
865,864
866,797
866,799
866,800
866,802
866,803
866,805
866,859
866,863
867,800
867,801
867,802
867,803
867,804
867,807
867,808
867,809
867,864
867,866
868,800
868,801
868,803
868,804
868,807
868,808
868,865
868,867
869,800
869,802
869,803
869,805
869,807
869,809
869,864
869,866
870,803
870,804
870,805
870,807
870,808
870,810
870,811
870,812
870,867
870,869
871,803
871,804
871,807
871,808
871,810
871,811
871,868
871,870
872,803
872,805
872,807
872,809
872,810
872,812
872,867
872,869
873,207
873,218
873,229
873,240
873,251
873,273
873,284
873,295
873,839
873,862
874,807
874,808
874,809
874,810
874,811
874,813
874,814
874,815
874,870
874,872
875,807
875,808
875,810
875,811
875,813
875,814
875,871
875,874
876,807
876,809
876,810
876,812
876,813
876,815
876,870
876,872
877,810
877,811
877,812
877,813
877,814
877,816
877,818
877,819
877,874
877,876
878,810
878,811
878,813
878,814
878,816
878,818
878,875
878,877
879,810
879,812
879,813
879,815
879,816
879,819
879,874
879,876
880,813
880,814
880,815
880,816
880,818
880,820
880,821
880,822
880,877
880,879
881,813
881,814
881,816
881,818
881,820
881,821
881,878
881,880
882,813
882,815
882,816
882,819
882,820
882,822
882,877
882,879
883,816
883,818
883,819
883,820
883,821
883,823
883,824
883,825
883,880
883,882
884,207
884,218
884,240
884,251
884,273
884,284
884,850
884,873
885,816
885,818
885,820
885,821
885,823
885,824
885,881
885,883
886,816
886,819
886,820
886,822
886,823
886,825
886,880
886,882
887,820
887,821
887,822
887,823
887,824
887,826
887,827
887,829
887,883
887,886
888,820
888,821
888,823
888,824
888,826
888,827
888,885
888,887
889,820
889,822
889,823
889,825
889,826
889,829
889,883
889,886
890,823
890,824
890,825
890,826
890,827
890,830
890,831
890,832
890,887
890,889
891,823
891,824
891,826
891,827
891,830
891,831
891,888
891,890
892,823
892,825
892,826
892,829
892,830
892,832
892,887
892,889
893,826
893,827
893,829
893,830
893,831
893,833
893,834
893,835
893,890
893,892
894,826
894,827
894,830
894,831
894,833
894,834
894,891
894,893
895,207
895,229
895,240
895,262
895,273
895,295
895,839
895,862
896,826
896,829
896,830
896,832
896,833
896,835
896,890
896,892
897,830
897,831
897,832
897,833
897,834
897,836
897,837
897,838
897,893
897,896
898,830
898,831
898,833
898,834
898,836
898,837
898,894
898,897
899,830
899,832
899,833
899,835
899,836
899,838
899,893
899,896
900,833
900,834
900,835
900,836
900,837
900,840
900,841
900,842
900,897
900,899
901,833
901,834
901,836
901,837
901,840
901,841
901,898
901,900
902,833
902,835
902,836
902,838
902,840
902,842
902,897
902,899
903,836
903,837
903,838
903,840
903,841
903,843
903,844
903,845
903,900
903,902
904,836
904,837
904,840
904,841
904,843
904,844
904,901
904,903
905,836
905,838
905,840
905,842
905,843
905,845
905,900
905,902
906,240
906,251
906,262
906,273
906,284
906,307
906,318
906,329
906,873
906,895
907,840
907,841
907,842
907,843
907,844
907,846
907,847
907,848
907,903
907,905
908,840
908,841
908,843
908,844
908,846
908,847
908,904
908,907
909,840
909,842
909,843
909,845
909,846
909,848
909,903
909,905
910,843
910,844
910,845
910,846
910,847
910,849
910,851
910,852
910,907
910,909
911,843
911,844
911,846
911,847
911,849
911,851
911,908
911,910
912,843
912,845
912,846
912,848
912,849
912,852
912,907
912,909
913,846
913,847
913,848
913,849
913,851
913,853
913,854
913,855
913,910
913,912
914,846
914,847
914,849
914,851
914,853
914,854
914,911
914,913
915,846
915,848
915,849
915,852
915,853
915,855
915,910
915,912
916,849
916,851
916,852
916,853
916,854
916,856
916,857
916,858
916,913
916,915
917,240
917,251
917,273
917,284
917,307
917,318
917,884
917,906
918,849
918,851
918,853
918,854
918,856
918,857
918,914
918,916
919,849
919,852
919,853
919,855
919,856
919,858
919,913
919,915
920,853
920,854
920,855
920,856
920,857
920,916
920,919
921,853
921,854
921,856
921,857
921,918
921,920
922,853
922,855
922,856
922,858
922,916
922,919
923,859
923,860
923,864
923,865
923,866
924,859
924,860
924,864
924,865
924,923
925,859
925,863
925,864
925,866
926,859
926,860
926,863
926,864
926,865
926,867
926,868
926,869
926,923
926,925
927,859
927,860
927,864
927,865
927,867
927,868
927,924
927,926
928,240
928,262
928,273
928,295
928,307
928,329
928,873
928,895
929,859
929,863
929,864
929,866
929,867
929,869
929,923
929,925
930,864
930,865
930,866
930,867
930,868
930,870
930,871
930,872
930,926
930,929
931,864
931,865
931,867
931,868
931,870
931,871
931,927
931,930
932,864
932,866
932,867
932,869
932,870
932,872
932,926
932,929
933,867
933,868
933,869
933,870
933,871
933,874
933,875
933,876
933,930
933,932
934,867
934,868
934,870
934,871
934,874
934,875
934,931
934,933
935,867
935,869
935,870
935,872
935,874
935,876
935,930
935,932
936,870
936,871
936,872
936,874
936,875
936,877
936,878
936,879
936,933
936,935
937,870
937,871
937,874
937,875
937,877
937,878
937,934
937,936
938,870
938,872
938,874
938,876
938,877
938,879
938,933
938,935
939,273
939,284
939,295
939,307
939,318
939,340
939,351
939,362
939,906
939,928
940,874
940,875
940,876
940,877
940,878
940,880
940,881
940,882
940,936
940,938
941,874
941,875
941,877
941,878
941,880
941,881
941,937
941,940
942,874
942,876
942,877
942,879
942,880
942,882
942,936
942,938
943,877
943,878
943,879
943,880
943,881
943,883
943,885
943,886
943,940
943,942
944,877
944,878
944,880
944,881
944,883
944,885
944,941
944,943
945,877
945,879
945,880
945,882
945,883
945,886
945,940
945,942
946,880
946,881
946,882
946,883
946,885
946,887
946,888
946,889
946,943
946,945
947,880
947,881
947,883
947,885
947,887
947,888
947,944
947,946
948,880
948,882
948,883
948,886
948,887
948,889
948,943
948,945
949,883
949,885
949,886
949,887
949,888
949,890
949,891
949,892
949,946
949,948
950,273
950,284
950,307
950,318
950,340
950,351
950,917
950,939
951,883
951,885
951,887
951,888
951,890
951,891
951,947
951,949
952,883
952,886
952,887
952,889
952,890
952,892
952,946
952,948
953,887
953,888
953,889
953,890
953,891
953,893
953,894
953,896
953,949
953,952
954,887
954,888
954,890
954,891
954,893
954,894
954,951
954,953
955,887
955,889
955,890
955,892
955,893
955,896
955,949
955,952
956,890
956,891
956,892
956,893
956,894
956,897
956,898
956,899
956,953
956,955
957,890
957,891
957,893
957,894
957,897
957,898
957,954
957,956
958,890
958,892
958,893
958,896
958,897
958,899
958,953
958,955
959,893
959,894
959,896
959,897
959,898
959,900
959,901
959,902
959,956
959,958
960,893
960,894
960,897
960,898
960,900
960,901
960,957
960,959
961,273
961,295
961,307
961,329
961,340
961,362
961,906
961,928
962,893
962,896
962,897
962,899
962,900
962,902
962,956
962,958
963,897
963,898
963,899
963,900
963,901
963,903
963,904
963,905
963,959
963,962
964,897
964,898
964,900
964,901
964,903
964,904
964,960
964,963
965,897
965,899
965,900
965,902
965,903
965,905
965,959
965,962
966,900
966,901
966,902
966,903
966,904
966,907
966,908
966,909
966,963
966,965
967,900
967,901
967,903
967,904
967,907
967,908
967,964
967,966
968,900
968,902
968,903
968,905
968,907
968,909
968,963
968,965
969,903
969,904
969,905
969,907
969,908
969,910
969,911
969,912
969,966
969,968
970,903
970,904
970,907
970,908
970,910
970,911
970,967
970,969
971,903
971,905
971,907
971,909
971,910
971,912
971,966
971,968
972,639
972,861
973,307
973,318
973,329
973,340
973,351
973,373
973,384
973,395
973,939
973,961
974,907
974,908
974,909
974,910
974,911
974,913
974,914
974,915
974,969
974,971
975,907
975,908
975,910
975,911
975,913
975,914
975,970
975,974
976,907
976,909
976,910
976,912
976,913
976,915
976,969
976,971
977,910
977,911
977,912
977,913
977,914
977,916
977,918
977,919
977,974
977,976
978,910
978,911
978,913
978,914
978,916
978,918
978,975
978,977
979,910
979,912
979,913
979,915
979,916
979,919
979,974
979,976
980,913
980,914
980,915
980,916
980,918
980,920
980,921
980,922
980,977
980,979
981,913
981,914
981,916
981,918
981,920
981,921
981,978
981,980
982,913
982,915
982,916
982,919
982,920
982,922
982,977
982,979
983,916
983,918
983,919
983,920
983,921
983,980
983,982
984,307
984,318
984,340
984,351
984,373
984,384
984,950
984,973
985,916
985,918
985,920
985,921
985,981
985,983
986,916
986,919
986,920
986,922
986,980
986,982
987,923
987,924
987,926
987,927
987,929
988,923
988,924
988,926
988,927
988,987
989,923
989,925
989,926
989,929
990,923
990,924
990,925
990,926
990,927
990,930
990,931
990,932
990,987
990,989
991,923
991,924
991,926
991,927
991,930
991,931
991,988
991,990
992,923
992,925
992,926
992,929
992,930
992,932
992,987
992,989
993,926
993,927
993,929
993,930
993,931
993,933
993,934
993,935
993,990
993,992
994,926
994,927
994,930
994,931
994,933
994,934
994,991
994,993
995,307
995,329
995,340
995,362
995,373
995,395
995,939
995,961
996,926
996,929
996,930
996,932
996,933
996,935
996,990
996,992
997,930
997,931
997,932
997,933
997,934
997,936
997,937
997,938
997,993
997,996
998,930
998,931
998,933
998,934
998,936
998,937
998,994
998,997
999,930
999,932
999,933
999,935
999,936
999,938
999,993
999,996
1000,933
1000,934
1000,935
1000,936
1000,937
1000,940
1000,941
1000,942
1000,997
1000,999
1001,933
1001,934
1001,936
1001,937
1001,940
1001,941
1001,998
1001,1000
1002,933
1002,935
1002,936
1002,938
1002,940
1002,942
1002,997
1002,999
1003,936
1003,937
1003,938
1003,940
1003,941
1003,943
1003,944
1003,945
1003,1000
1003,1002
1004,936
1004,937
1004,940
1004,941
1004,943
1004,944
1004,1001
1004,1003
1005,936
1005,938
1005,940
1005,942
1005,943
1005,945
1005,1000
1005,1002
1006,340
1006,351
1006,362
1006,373
1006,384
1006,406
1006,418
1006,429
1006,973
1006,995
1007,940
1007,941
1007,942
1007,943
1007,944
1007,946
1007,947
1007,948
1007,1003
1007,1005
1008,940
1008,941
1008,943
1008,944
1008,946
1008,947
1008,1004
1008,1007
1009,940
1009,942
1009,943
1009,945
1009,946
1009,948
1009,1003
1009,1005
1010,943
1010,944
1010,945
1010,946
1010,947
1010,949
1010,951
1010,952
1010,1007
1010,1009
1011,943
1011,944
1011,946
1011,947
1011,949
1011,951
1011,1008
1011,1010
1012,943
1012,945
1012,946
1012,948
1012,949
1012,952
1012,1007
1012,1009
1013,946
1013,947
1013,948
1013,949
1013,951
1013,953
1013,954
1013,955
1013,1010
1013,1012
1014,946
1014,947
1014,949
1014,951
1014,953
1014,954
1014,1011
1014,1013
1015,946
1015,948
1015,949
1015,952
1015,953
1015,955
1015,1010
1015,1012
1016,949
1016,951
1016,952
1016,953
1016,954
1016,956
1016,957
1016,958
1016,1013
1016,1015
1017,340
1017,351
1017,373
1017,384
1017,406
1017,418
1017,984
1017,1006
1018,949
1018,951
1018,953
1018,954
1018,956
1018,957
1018,1014
1018,1016
1019,949
1019,952
1019,953
1019,955
1019,956
1019,958
1019,1013
1019,1015
1020,953
1020,954
1020,955
1020,956
1020,957
1020,959
1020,960
1020,962
1020,1016
1020,1019
1021,953
1021,954
1021,956
1021,957
1021,959
1021,960
1021,1018
1021,1020
1022,953
1022,955
1022,956
1022,958
1022,959
1022,962
1022,1016
1022,1019
1023,956
1023,957
1023,958
1023,959
1023,960
1023,963
1023,964
1023,965
1023,1020
1023,1022
1024,956
1024,957
1024,959
1024,960
1024,963
1024,964
1024,1021
1024,1023
1025,956
1025,958
1025,959
1025,962
1025,963
1025,965
1025,1020
1025,1022
1026,959
1026,960
1026,962
1026,963
1026,964
1026,966
1026,967
1026,968
1026,1023
1026,1025
1027,959
1027,960
1027,963
1027,964
1027,966
1027,967
1027,1024
1027,1026
1028,340
1028,362
1028,373
1028,395
1028,406
1028,429
1028,973
1028,995
1029,959
1029,962
1029,963
1029,965
1029,966
1029,968
1029,1023
1029,1025
1030,963
1030,964
1030,965
1030,966
1030,967
1030,969
1030,970
1030,971
1030,1026
1030,1029
1031,963
1031,964
1031,966
1031,967
1031,969
1031,970
1031,1027
1031,1030
1032,963
1032,965
1032,966
1032,968
1032,969
1032,971
1032,1026
1032,1029
1033,966
1033,967
1033,968
1033,969
1033,970
1033,974
1033,975
1033,976
1033,1030
1033,1032
1034,966
1034,967
1034,969
1034,970
1034,974
1034,975
1034,1031
1034,1033
1035,966
1035,968
1035,969
1035,971
1035,974
1035,976
1035,1030
1035,1032
1036,969
1036,970
1036,971
1036,974
1036,975
1036,977
1036,978
1036,979
1036,1033
1036,1035
1037,969
1037,970
1037,974
1037,975
1037,977
1037,978
1037,1034
1037,1036
1038,969
1038,971
1038,974
1038,976
1038,977
1038,979
1038,1033
1038,1035
1039,373
1039,384
1039,395
1039,406
1039,418
1039,440
1039,451
1039,462
1039,1006
1039,1028
1040,974
1040,975
1040,976
1040,977
1040,978
1040,980
1040,981
1040,982
1040,1036
1040,1038
1041,974
1041,975
1041,977
1041,978
1041,980
1041,981
1041,1037
1041,1040
1042,974
1042,976
1042,977
1042,979
1042,980
1042,982
1042,1036
1042,1038
1043,977
1043,978
1043,979
1043,980
1043,981
1043,983
1043,985
1043,986
1043,1040
1043,1042
1044,977
1044,978
1044,980
1044,981
1044,983
1044,985
1044,1041
1044,1043
1045,977
1045,979
1045,980
1045,982
1045,983
1045,986
1045,1040
1045,1042
1046,980
1046,981
1046,982
1046,983
1046,985
1046,1043
1046,1045
1047,980
1047,981
1047,983
1047,985
1047,1044
1047,1046
1048,980
1048,982
1048,983
1048,986
1048,1043
1048,1045
1049,987
1049,988
1049,990
1049,991
1049,992
1050,373
1050,384
1050,406
1050,418
1050,440
1050,451
1050,1017
1050,1039
1051,987
1051,988
1051,990
1051,991
1051,1049
1052,987
1052,989
1052,990
1052,992
1053,987
1053,988
1053,989
1053,990
1053,991
1053,993
1053,994
1053,996
1053,1049
1053,1052
1054,987
1054,988
1054,990
1054,991
1054,993
1054,994
1054,1051
1054,1053
1055,987
1055,989
1055,990
1055,992
1055,993
1055,996
1055,1049
1055,1052
1056,990
1056,991
1056,992
1056,993
1056,994
1056,997
1056,998
1056,999
1056,1053
1056,1055
1057,990
1057,991
1057,993
1057,994
1057,997
1057,998
1057,1054
1057,1056
1058,990
1058,992
1058,993
1058,996
1058,997
1058,999
1058,1053
1058,1055
1059,993
1059,994
1059,996
1059,997
1059,998
1059,1000
1059,1001
1059,1002
1059,1056
1059,1058
1060,993
1060,994
1060,997
1060,998
1060,1000
1060,1001
1060,1057
1060,1059
1061,373
1061,395
1061,406
1061,429
1061,440
1061,462
1061,1006
1061,1028
1062,993
1062,996
1062,997
1062,999
1062,1000
1062,1002
1062,1056
1062,1058
1063,997
1063,998
1063,999
1063,1000
1063,1001
1063,1003
1063,1004
1063,1005
1063,1059
1063,1062
1064,997
1064,998
1064,1000
1064,1001
1064,1003
1064,1004
1064,1060
1064,1063
1065,997
1065,999
1065,1000
1065,1002
1065,1003
1065,1005
1065,1059
1065,1062
1066,1000
1066,1001
1066,1002
1066,1003
1066,1004
1066,1007
1066,1008
1066,1009
1066,1063
1066,1065
1067,1000
1067,1001
1067,1003
1067,1004
1067,1007
1067,1008
1067,1064
1067,1066
1068,1000
1068,1002
1068,1003
1068,1005
1068,1007
1068,1009
1068,1063
1068,1065
1069,1003
1069,1004
1069,1005
1069,1007
1069,1008
1069,1010
1069,1011
1069,1012
1069,1066
1069,1068
1070,1003
1070,1004
1070,1007
1070,1008
1070,1010
1070,1011
1070,1067
1070,1069
1071,1003
1071,1005
1071,1007
1071,1009
1071,1010
1071,1012
1071,1066
1071,1068
1072,406
1072,418
1072,429
1072,440
1072,451
1072,473
1072,484
1072,495
1072,1039
1072,1061
1073,1007
1073,1008
1073,1009
1073,1010
1073,1011
1073,1013
1073,1014
1073,1015
1073,1069
1073,1071
1074,1007
1074,1008
1074,1010
1074,1011
1074,1013
1074,1014
1074,1070
1074,1073
1075,1007
1075,1009
1075,1010
1075,1012
1075,1013
1075,1015
1075,1069
1075,1071
1076,1010
1076,1011
1076,1012
1076,1013
1076,1014
1076,1016
1076,1018
1076,1019
1076,1073
1076,1075
1077,1010
1077,1011
1077,1013
1077,1014
1077,1016
1077,1018
1077,1074
1077,1076
1078,1010
1078,1012
1078,1013
1078,1015
1078,1016
1078,1019
1078,1073
1078,1075
1079,1013
1079,1014
1079,1015
1079,1016
1079,1018
1079,1020
1079,1021
1079,1022
1079,1076
1079,1078
1080,1013
1080,1014
1080,1016
1080,1018
1080,1020
1080,1021
1080,1077
1080,1079
1081,1013
1081,1015
1081,1016
1081,1019
1081,1020
1081,1022
1081,1076
1081,1078
1082,1016
1082,1018
1082,1019
1082,1020
1082,1021
1082,1023
1082,1024
1082,1025
1082,1079
1082,1081
