1,0
3,383
3,483
3,660
4,867
4,872
4,925
4,930
4,931
4,967
4,989
4,996
4,997
4,1009
4,1010
4,1011
5,868
5,873
5,928
5,932
5,933
5,968
5,987
5,998
5,999
5,1010
5,1011
5,1012
6,934
6,935
6,943
6,947
6,952
6,958
6,963
6,974
6,975
6,995
6,1005
6,1007
6,1013
7,936
7,937
7,944
7,948
7,953
7,959
7,964
7,976
7,977
7,992
7,1006
7,1008
7,1014
7,6
8,939
8,940
8,945
8,950
8,954
8,956
8,961
8,969
8,970
8,994
8,1009
8,1011
8,4
9,941
9,942
9,946
9,951
9,955
9,957
9,962
9,972
9,973
9,991
9,1010
9,1012
9,5
9,8
10,803
10,806
10,812
10,814
10,825
10,828
11,807
11,808
11,815
11,817
11,821
11,829
11,10
12,804
12,810
12,813
12,819
12,823
12,826
12,10
13,809
13,811
13,818
13,820
13,822
13,824
13,11
13,12
14,139
14,494
14,671
14,3
15,876
15,880
15,917
15,921
15,945
15,983
15,984
15,994
15,1009
15,1010
15,4
15,10
15,12
16,877
16,881
16,919
16,923
16,943
16,985
16,986
16,995
16,1011
16,1012
16,5
16,11
16,13
16,15
17,874
17,878
17,918
17,922
17,946
17,978
17,979
17,991
17,1005
17,1006
17,1013
17,10
17,11
18,875
18,879
18,920
18,924
18,944
18,980
18,981
18,992
18,1007
18,1008
18,1014
18,12
18,13
18,17
19,965
19,966
19,967
19,968
19,987
19,988
19,989
19,990
19,6
19,7
19,8
19,9
19,15
19,16
19,17
19,18
20,272
20,505
20,683
21,571
21,472
21,694
21,20
22,405
22,516
22,705
23,172
23,527
23,716
23,22
24,305
24,538
24,727
25,2
25,494
25,738
25,24
26,361
26,549
26,749
27,94
27,527
27,760
27,26
28,2
29,239
29,560
29,771
30,127
30,449
30,782
30,29
31,416
31,572
31,794
32,183
32,560
32,805
32,31
33,316
33,583
33,816
34,39
34,505
34,827
34,33
35,372
35,594
35,838
36,116
36,538
36,849
36,35
37,250
37,583
37,860
38,349
38,461
38,871
38,37
40,394
40,605
40,882
41,150
41,549
41,893
41,40
42,283
42,594
42,905
43,793
43,483
43,916
43,42
44,338
44,605
44,927
45,72
45,516
45,938
45,44
46,216
46,572
46,949
47,0
47,438
47,960
47,46
49,48
50,39
51,48
52,49
52,51
54,53
55,53
56,54
56,55
58,57
59,57
60,58
60,59
61,682
63,62
64,62
65,63
65,64
67,66
68,66
69,67
69,68
71,70
73,70
74,71
74,73
76,75
77,75
78,76
78,77
80,79
81,79
82,80
82,81
83,72
84,48
85,49
85,84
86,51
86,84
87,52
87,85
87,86
88,53
89,54
89,88
90,55
90,88
91,56
91,89
91,90
92,57
93,58
93,92
95,59
95,92
96,60
96,93
96,95
97,62
98,63
98,97
99,64
99,97
100,65
100,98
100,99
101,66
102,67
102,101
103,68
103,101
104,69
104,102
104,103
105,94
106,70
107,71
107,106
108,73
108,106
109,74
109,107
109,108
110,75
111,76
111,110
112,77
112,110
113,78
113,111
113,112
114,79
115,80
115,114
117,81
117,114
118,82
118,115
118,117
119,616
119,627
119,48
119,49
119,51
120,638
120,649
120,49
120,51
120,52
121,660
121,671
121,53
121,54
121,55
122,683
122,694
122,54
122,55
122,56
123,705
123,716
123,57
123,58
123,59
124,727
124,738
124,58
124,59
124,60
125,749
125,760
125,62
125,63
125,64
126,771
126,782
126,63
126,64
126,65
128,116
129,794
129,805
129,66
129,67
129,68
130,816
130,827
130,67
130,68
130,69
131,838
131,849
131,70
131,71
131,73
132,860
132,871
132,71
132,73
132,74
133,882
133,893
133,75
133,76
133,77
134,905
134,916
134,76
134,77
134,78
135,927
135,938
135,79
135,80
135,81
136,949
136,960
136,80
136,81
136,82
137,971
137,982
137,84
137,85
137,86
137,119
138,993
138,1004
138,85
138,86
138,87
138,120
139,28
140,3
140,14
140,88
140,89
140,90
140,121
141,20
141,21
141,89
141,90
141,91
141,122
142,22
142,23
142,92
142,93
142,95
142,123
143,24
143,25
143,93
143,95
143,96
143,124
144,26
144,27
144,97
144,98
144,99
144,125
145,29
145,30
145,98
145,99
145,100
145,126
146,31
146,32
146,101
146,102
146,103
146,129
147,33
147,34
147,102
147,103
147,104
147,130
148,35
148,36
148,106
148,107
148,108
148,131
149,37
149,38
149,107
149,108
149,109
149,132
151,40
151,41
151,110
151,111
151,112
151,133
152,42
152,43
152,111
152,112
152,113
152,134
153,44
153,45
153,114
153,115
153,117
153,135
154,46
154,47
154,115
154,117
154,118
154,136
156,155
158,157
159,155
160,156
160,159
161,150
162,157
163,158
163,162
165,164
167,166
168,164
169,165
169,168
170,166
171,167
171,170
172,105
174,173
176,175
177,173
178,174
178,177
179,175
180,176
180,179
182,181
185,184
186,181
187,182
187,186
188,184
189,185
189,188
190,155
191,156
191,190
192,157
193,158
193,192
194,183
195,159
195,190
196,160
196,191
196,195
197,162
197,192
198,163
198,193
198,197
199,164
200,165
200,199
201,166
202,167
202,201
203,168
203,199
204,169
204,200
204,203
205,238
206,170
206,201
207,171
207,202
207,206
208,173
209,174
209,208
210,175
211,176
211,210
212,177
212,208
213,178
213,209
213,212
214,179
214,210
215,180
215,211
215,214
217,181
218,182
218,217
219,184
220,185
220,219
221,186
221,217
222,187
222,218
222,221
223,188
223,219
224,189
224,220
224,223
225,48
225,51
225,119
225,155
225,159
226,49
226,52
226,120
226,156
226,160
226,225
227,216
228,53
228,55
228,121
228,157
228,162
229,54
229,56
229,122
229,158
229,163
229,228
230,57
230,59
230,123
230,164
230,168
231,58
231,60
231,124
231,165
231,169
231,230
232,62
232,64
232,125
232,166
232,170
233,63
233,65
233,126
233,167
233,171
233,232
234,66
234,68
234,129
234,173
234,177
235,67
235,69
235,130
235,174
235,178
235,234
236,70
236,73
236,131
236,175
236,179
237,71
237,74
237,132
237,176
237,180
237,236
238,127
239,194
240,75
240,77
240,133
240,181
240,186
241,76
241,78
241,134
241,182
241,187
241,240
242,79
242,81
242,135
242,184
242,188
243,80
243,82
243,136
243,185
243,189
243,242
244,84
244,86
244,137
244,190
244,195
244,225
245,85
245,87
245,138
245,191
245,196
245,226
245,244
246,88
246,90
246,140
246,192
246,197
246,228
247,89
247,91
247,141
247,193
247,198
247,229
247,246
248,92
248,95
248,142
248,199
248,203
248,230
249,93
249,96
249,143
249,200
249,204
249,231
249,248
251,97
251,99
251,144
251,201
251,206
251,232
252,98
252,100
252,145
252,202
252,207
252,233
252,251
253,101
253,103
253,146
253,208
253,212
253,234
254,102
254,104
254,147
254,209
254,213
254,235
254,253
255,106
255,108
255,148
255,210
255,214
255,236
256,107
256,109
256,149
256,211
256,215
256,237
256,255
257,110
257,112
257,151
257,217
257,221
257,240
258,111
258,113
258,152
258,218
258,222
258,241
258,257
259,114
259,117
259,153
259,219
259,223
259,242
260,115
260,118
260,154
260,220
260,224
260,243
260,259
261,250
262,185
262,220
263,167
263,202
263,262
264,176
264,211
265,158
265,193
265,264
266,189
266,224
266,262
267,171
267,207
267,263
267,266
268,180
268,215
268,264
269,163
269,198
269,265
269,268
270,182
270,218
271,165
271,200
271,270
272,50
273,174
273,209
274,156
274,191
274,273
275,187
275,222
275,270
276,169
276,204
276,271
276,275
277,178
277,213
277,273
278,160
278,196
278,274
278,277
279,184
279,219
279,262
280,166
280,201
280,263
280,279
281,175
281,210
281,264
282,157
282,192
282,265
282,281
284,188
284,223
284,266
284,279
285,170
285,206
285,267
285,280
285,284
286,179
286,214
286,268
286,281
287,162
287,197
287,269
287,282
287,286
288,181
288,217
288,270
289,164
289,199
289,271
289,288
290,173
290,208
290,273
291,155
291,190
291,274
291,290
292,186
292,221
292,275
292,288
293,168
293,203
293,276
293,289
293,292
294,283
295,177
295,212
295,277
295,290
296,159
296,195
296,278
296,291
296,295
297,155
297,159
297,220
297,224
297,225
297,260
298,156
298,160
298,185
298,189
298,226
298,243
298,297
299,157
299,162
299,202
299,207
299,228
299,252
300,158
300,163
300,167
300,171
300,229
300,233
300,299
301,164
301,168
301,211
301,215
301,230
301,256
302,165
302,169
302,176
302,180
302,231
302,237
302,301
303,166
303,170
303,193
303,198
303,232
303,247
303,300
304,173
304,177
304,218
304,222
304,234
304,258
305,128
306,174
306,178
306,182
306,187
306,235
306,241
306,304
307,175
307,179
307,200
307,204
307,236
307,249
307,302
308,181
308,186
308,209
308,213
308,240
308,254
308,306
309,184
309,188
309,191
309,196
309,242
309,245
309,298
310,190
310,195
310,219
310,223
310,244
310,259
310,297
310,309
311,192
311,197
311,201
311,206
311,246
311,251
311,299
311,303
312,199
312,203
312,210
312,214
312,248
312,255
312,301
312,307
313,208
313,212
313,217
313,221
313,253
313,257
313,304
313,308
314,80
314,115
315,63
315,98
315,314
316,261
317,71
317,107
318,54
318,89
318,317
319,76
319,111
320,58
320,93
320,319
321,67
321,102
322,49
322,85
322,321
323,82
323,118
323,314
324,65
324,100
324,315
324,323
325,74
325,109
325,317
326,56
326,91
326,318
326,325
327,460
328,78
328,113
328,319
329,60
329,96
329,320
329,328
330,69
330,104
330,321
331,52
331,87
331,322
331,330
332,79
332,114
332,314
333,62
333,97
333,315
333,332
334,70
334,106
334,317
335,53
335,88
335,318
335,334
336,75
336,110
336,319
337,57
337,92
337,320
337,336
339,66
339,101
339,321
340,48
340,84
340,322
340,339
341,81
341,117
341,323
341,332
342,64
342,99
342,324
342,333
342,341
343,73
343,108
343,325
343,334
344,55
344,90
344,326
344,335
344,343
345,77
345,112
345,328
345,336
346,59
346,95
346,329
346,337
346,345
347,68
347,103
347,330
347,339
348,51
348,86
348,331
348,340
348,347
350,338
352,351
353,351
354,352
354,353
355,352
356,355
357,352
357,356
358,351
358,357
359,353
359,358
360,354
360,357
360,359
361,161
362,354
362,355
363,356
363,360
363,362
364,351
364,355
365,353
365,362
365,364
366,356
366,358
366,364
367,359
367,363
367,365
367,366
368,314
368,315
368,351
368,352
368,353
369,317
369,318
369,352
369,353
369,354
370,319
370,320
370,352
370,355
370,356
371,321
371,322
371,352
371,356
371,357
372,294
373,323
373,324
373,357
373,358
373,359
373,368
374,325
374,326
374,357
374,359
374,360
374,369
375,328
375,329
375,354
375,362
375,363
375,370
376,330
376,331
376,354
376,360
376,363
376,371
377,332
377,333
377,355
377,364
377,365
377,368
378,334
378,335
378,355
378,362
378,365
378,369
379,336
379,337
379,351
379,364
379,366
379,370
380,339
380,340
380,351
380,358
380,366
380,371
381,341
381,342
381,356
381,366
381,367
381,373
381,377
382,343
382,344
382,356
382,363
382,367
382,374
382,378
383,904
384,345
384,346
384,353
384,365
384,367
384,375
384,379
385,347
385,348
385,353
385,359
385,367
385,376
385,380
386,243
386,260
386,262
386,266
386,314
386,323
387,233
387,252
387,263
387,267
387,315
387,324
387,386
388,237
388,256
388,264
388,268
388,317
388,325
389,229
389,247
389,265
389,269
389,318
389,326
389,388
390,241
390,258
390,270
390,275
390,319
390,328
391,231
391,249
391,271
391,276
391,320
391,329
391,390
392,235
392,254
392,273
392,277
392,321
392,330
393,226
393,245
393,274
393,278
393,322
393,331
393,392
394,350
395,242
395,259
395,279
395,284
395,332
395,341
395,386
396,232
396,251
396,280
396,285
396,333
396,342
396,387
396,395
397,236
397,255
397,281
397,286
397,334
397,343
397,388
398,228
398,246
398,282
398,287
398,335
398,344
398,389
398,397
399,240
399,257
399,288
399,292
399,336
399,345
399,390
400,230
400,248
400,289
400,293
400,337
400,346
400,391
400,399
401,234
401,253
401,290
401,295
401,339
401,347
401,392
402,225
402,244
402,291
402,296
402,340
402,348
402,393
402,401
403,794
403,949
403,31
403,46
404,771
404,805
404,29
404,32
404,403
405,83
406,816
406,860
406,33
406,37
407,683
407,827
407,20
407,34
407,406
408,838
408,905
408,35
408,42
409,727
409,849
409,24
409,36
409,408
410,638
410,871
410,993
410,38
410,406
411,882
411,927
411,40
411,44
412,749
412,893
412,26
412,41
412,411
413,660
413,916
413,3
413,43
413,408
414,705
414,938
414,22
414,45
414,411
415,616
415,960
415,971
415,47
415,403
416,227
417,627
417,782
417,982
417,30
417,404
417,415
418,649
418,694
418,1004
418,21
418,407
418,410
419,671
419,738
419,14
419,25
419,409
419,413
420,716
420,760
420,23
420,27
420,412
420,414
421,129
421,146
421,321
421,339
421,347
421,401
421,403
421,404
422,130
422,147
422,321
422,330
422,347
422,392
422,406
422,407
423,131
423,148
423,317
423,334
423,343
423,397
423,408
423,409
424,132
424,149
424,317
424,325
424,343
424,388
424,406
424,410
425,133
425,151
425,319
425,336
425,345
425,399
425,411
425,412
426,134
426,152
426,319
426,328
426,345
426,390
426,408
426,413
427,1
428,135
428,153
428,314
428,332
428,341
428,395
428,411
428,414
429,136
429,154
429,314
429,323
429,341
429,386
429,403
429,415
430,119
430,137
430,322
430,340
430,348
430,402
430,415
430,417
430,421
431,120
431,138
431,322
431,331
431,348
431,393
431,410
431,418
431,422
432,121
432,140
432,318
432,335
432,344
432,398
432,413
432,419
432,423
433,122
433,141
433,318
433,326
433,344
433,389
433,407
433,418
433,424
434,123
434,142
434,320
434,337
434,346
434,400
434,414
434,420
434,425
435,124
435,143
435,320
435,329
435,346
435,391
435,409
435,419
435,426
436,125
436,144
436,315
436,333
436,342
436,396
436,412
436,420
436,428
437,126
437,145
437,315
437,324
437,342
437,387
437,404
437,417
437,429
438,0
438,427
439,368
439,371
439,373
439,380
439,381
439,385
439,421
439,429
439,430
439,437
440,369
440,371
440,374
440,376
440,382
440,385
440,422
440,424
440,431
440,433
441,369
441,370
441,375
441,378
441,382
441,384
441,423
441,426
441,432
441,435
442,368
442,370
442,377
442,379
442,381
442,384
442,425
442,428
442,434
442,436
443,48
443,49
443,119
444,51
444,52
444,120
444,443
445,53
445,54
445,121
446,55
446,56
446,122
446,445
447,57
447,58
447,123
448,59
448,60
448,124
448,447
449,127
449,205
450,62
450,63
450,125
451,64
451,65
451,126
451,450
452,66
452,67
452,129
453,68
453,69
453,130
453,452
454,70
454,71
454,131
455,73
455,74
455,132
455,454
456,75
456,76
456,133
457,77
457,78
457,134
457,456
458,79
458,80
458,135
459,81
459,82
459,136
459,458
460,349
461,349
461,327
462,84
462,85
462,137
462,443
463,86
463,87
463,138
463,444
463,462
464,88
464,89
464,140
464,445
465,90
465,91
465,141
465,446
465,464
466,92
466,93
466,142
466,447
467,95
467,96
467,143
467,448
467,466
468,97
468,98
468,144
468,450
469,99
469,100
469,145
469,451
469,468
470,101
470,102
470,146
470,452
471,103
471,104
471,147
471,453
471,470
472,571
472,61
473,106
473,107
473,148
473,454
474,108
474,109
474,149
474,455
474,473
475,110
475,111
475,151
475,456
476,112
476,113
476,152
476,457
476,475
477,114
477,115
477,153
477,458
478,117
478,118
478,154
478,459
478,477
479,155
479,156
480,157
480,158
480,479
481,159
481,160
481,479
482,162
482,163
482,480
482,481
483,793
483,383
484,164
484,165
485,166
485,167
485,484
486,168
486,169
486,484
487,170
487,171
487,485
487,486
488,173
488,174
489,175
489,176
489,488
490,177
490,178
490,488
491,179
491,180
491,489
491,490
492,181
492,182
493,184
493,185
493,492
494,2
494,139
495,186
495,187
495,492
496,188
496,189
496,493
496,495
497,190
497,191
497,479
498,192
498,193
498,480
498,497
499,195
499,196
499,481
499,497
500,197
500,198
500,482
500,498
500,499
501,199
501,200
501,484
502,201
502,202
502,485
502,501
503,203
503,204
503,486
503,501
504,206
504,207
504,487
504,502
504,503
505,39
505,272
506,208
506,209
506,488
507,210
507,211
507,489
507,506
508,212
508,213
508,490
508,506
509,214
509,215
509,491
509,507
509,508
510,217
510,218
510,492
511,219
511,220
511,493
511,510
512,221
512,222
512,495
512,510
513,223
513,224
513,496
513,511
513,512
514,225
514,226
514,443
514,444
514,479
514,480
514,481
515,228
515,229
515,445
515,446
515,480
515,481
515,482
516,72
516,405
517,230
517,231
517,447
517,448
517,484
517,485
517,486
518,232
518,233
518,450
518,451
518,485
518,486
518,487
519,234
519,235
519,452
519,453
519,488
519,489
519,490
520,236
520,237
520,454
520,455
520,489
520,490
520,491
521,240
521,241
521,456
521,457
521,492
521,493
521,495
522,242
522,243
522,458
522,459
522,493
522,495
522,496
523,244
523,245
523,462
523,463
523,497
523,498
523,499
523,514
524,246
524,247
524,464
524,465
524,498
524,499
524,500
524,515
525,248
525,249
525,466
525,467
525,501
525,502
525,503
525,517
526,251
526,252
526,468
526,469
526,502
526,503
526,504
526,518
527,94
527,172
528,253
528,254
528,470
528,471
528,506
528,507
528,508
528,519
529,255
529,256
529,473
529,474
529,507
529,508
529,509
529,520
530,257
530,258
530,475
530,476
530,510
530,511
530,512
530,521
531,259
531,260
531,477
531,478
531,511
531,512
531,513
531,522
532,262
532,266
532,297
532,298
532,386
532,479
532,481
532,514
533,263
533,267
533,299
533,300
533,387
533,480
533,482
533,515
533,532
534,264
534,268
534,301
534,302
534,388
534,484
534,486
534,517
535,265
535,269
535,300
535,303
535,389
535,485
535,487
535,518
535,534
536,270
536,275
536,304
536,306
536,390
536,488
536,490
536,519
537,271
537,276
537,302
537,307
537,391
537,489
537,491
537,520
537,536
538,116
538,305
539,273
539,277
539,306
539,308
539,392
539,492
539,495
539,521
540,274
540,278
540,298
540,309
540,393
540,493
540,496
540,522
540,539
541,279
541,284
541,309
541,310
541,395
541,497
541,499
541,523
541,532
542,280
542,285
542,303
542,311
542,396
542,498
542,500
542,524
542,533
542,541
543,281
543,286
543,307
543,312
543,397
543,501
543,503
543,525
543,534
544,282
544,287
544,299
544,311
544,398
544,502
544,504
544,526
544,535
544,543
545,288
545,292
545,308
545,313
545,399
545,506
545,508
545,528
545,536
546,289
546,293
546,301
546,312
546,400
546,507
546,509
546,529
546,537
546,545
547,290
547,295
547,304
547,313
547,401
547,510
547,512
547,530
547,539
548,291
548,296
548,297
548,310
548,402
548,511
548,513
548,531
548,540
548,547
549,150
549,361
550,321
550,339
550,421
550,452
550,470
551,330
551,347
551,422
551,453
551,471
551,550
552,317
552,334
552,423
552,454
552,473
553,325
553,343
553,424
553,455
553,474
553,552
554,319
554,336
554,425
554,456
554,475
555,328
555,345
555,426
555,457
555,476
555,554
556,314
556,332
556,428
556,458
556,477
557,323
557,341
557,429
557,459
557,478
557,556
558,322
558,340
558,430
558,443
558,462
558,550
559,331
559,348
559,431
559,444
559,463
559,551
559,558
560,183
560,239
561,318
561,335
561,432
561,445
561,464
561,552
562,326
562,344
562,433
562,446
562,465
562,553
562,561
563,320
563,337
563,434
563,447
563,466
563,554
564,329
564,346
564,435
564,448
564,467
564,555
564,563
565,315
565,333
565,436
565,450
565,468
565,556
566,324
566,342
566,437
566,451
566,469
566,557
566,565
567,273
567,290
567,488
567,506
568,264
568,281
568,489
568,507
568,567
569,277
569,295
569,490
569,508
569,567
570,268
570,286
570,491
570,509
570,568
570,569
572,216
572,416
573,270
573,288
573,492
573,510
574,262
574,279
574,493
574,511
574,573
575,275
575,292
575,495
575,512
575,573
576,266
576,284
576,496
576,513
576,574
576,575
577,274
577,291
577,479
577,497
577,567
578,265
578,282
578,480
578,498
578,568
578,577
579,278
579,296
579,481
579,499
579,569
579,577
580,269
580,287
580,482
580,500
580,570
580,578
580,579
581,271
581,289
581,484
581,501
581,573
582,263
582,280
582,485
582,502
582,574
582,581
583,250
583,316
584,276
584,293
584,486
584,503
584,575
584,581
585,267
585,285
585,487
585,504
585,576
585,582
585,584
586,392
586,401
586,519
586,528
586,550
586,551
586,567
586,568
586,569
587,388
587,397
587,520
587,529
587,552
587,553
587,568
587,569
587,570
588,390
588,399
588,521
588,530
588,554
588,555
588,573
588,574
588,575
589,386
589,395
589,522
589,531
589,556
589,557
589,574
589,575
589,576
590,393
590,402
590,514
590,523
590,558
590,559
590,577
590,578
590,579
590,586
591,389
591,398
591,515
591,524
591,561
591,562
591,578
591,579
591,580
591,587
592,391
592,400
592,517
592,525
592,563
592,564
592,581
592,582
592,584
592,588
593,387
593,396
593,518
593,526
593,565
593,566
593,582
593,584
593,585
593,589
594,283
594,372
596,595
597,595
598,596
598,597
600,599
601,599
602,600
602,601
604,603
605,338
605,394
606,603
607,604
607,606
609,608
610,608
611,609
611,610
612,595
613,596
613,612
614,597
614,612
615,598
615,613
615,614
616,0
616,1
617,599
618,600
618,617
619,601
619,617
620,602
620,618
620,619
621,603
622,604
622,621
623,606
623,621
624,607
624,622
624,623
625,608
626,609
626,625
627,127
627,238
627,616
628,610
628,625
629,611
629,626
629,628
631,630
632,630
633,631
633,632
634,630
635,631
635,634
636,632
636,634
638,349
638,460
640,637
640,639
642,637
642,641
643,639
643,641
644,640
644,642
644,643
645,630
646,631
646,645
647,632
647,645
648,633
648,646
648,647
649,571
649,682
649,638
650,634
650,645
651,635
651,646
651,650
652,636
652,647
652,650
653,637
654,639
655,640
655,653
655,654
656,641
657,642
657,653
657,656
658,643
658,654
658,656
659,644
659,655
659,657
659,658
660,793
660,904
661,262
661,263
661,630
661,631
661,632
662,264
662,265
662,631
662,632
662,633
663,266
663,267
663,634
663,635
663,636
663,661
664,268
664,269
664,635
664,636
664,662
665,270
665,271
665,637
665,639
666,273
666,274
666,637
666,639
666,640
667,275
667,276
667,641
667,642
667,643
667,665
668,277
668,278
668,642
668,643
668,644
668,666
669,279
669,280
669,645
669,646
669,647
669,661
670,281
670,282
670,646
670,647
670,648
670,662
671,2
671,28
671,660
672,284
672,285
672,650
672,651
672,652
672,663
672,669
673,286
673,287
673,651
673,652
673,664
673,670
674,288
674,289
674,653
674,654
674,665
675,290
675,291
675,653
675,654
675,655
675,666
676,292
676,293
676,656
676,657
676,658
676,667
676,674
677,295
677,296
677,657
677,658
677,659
677,668
677,675
678,595
678,597
678,630
678,632
678,634
678,661
679,596
679,598
679,631
679,633
679,635
679,662
679,678
680,599
680,601
680,632
680,634
680,636
680,663
681,600
681,602
681,633
681,635
681,664
681,680
682,571
683,39
683,50
684,603
684,606
684,639
684,641
684,665
685,604
685,607
685,637
685,640
685,642
685,666
685,684
686,608
686,610
686,639
686,641
686,643
686,667
687,609
687,611
687,640
687,642
687,644
687,668
687,686
688,612
688,614
688,645
688,647
688,650
688,669
688,678
689,613
689,615
689,646
689,648
689,651
689,670
689,679
689,688
690,617
690,619
690,647
690,650
690,652
690,672
690,680
691,618
691,620
691,648
691,651
691,673
691,681
691,690
692,621
692,623
692,654
692,656
692,674
692,684
693,622
693,624
693,653
693,655
693,657
693,675
693,685
693,692
694,682
694,61
694,683
695,625
695,628
695,654
695,656
695,658
695,676
695,686
696,626
696,629
696,655
696,657
696,659
696,677
696,687
696,695
697,351
697,358
697,380
697,630
697,634
697,678
698,352
698,357
698,371
698,631
698,635
698,679
698,697
699,353
699,359
699,385
699,632
699,636
699,680
699,697
700,354
700,360
700,376
700,633
700,681
700,698
700,699
701,355
701,362
701,378
701,641
701,684
702,352
702,354
702,369
702,637
702,642
702,685
702,701
703,356
703,363
703,382
703,639
703,643
703,686
703,701
704,357
704,360
704,374
704,640
704,644
704,687
704,702
704,703
705,72
705,83
706,364
706,366
706,379
706,645
706,650
706,688
706,697
707,355
707,356
707,370
707,646
707,651
707,689
707,698
707,706
708,365
708,367
708,384
708,647
708,652
708,690
708,699
708,706
709,362
709,363
709,375
709,648
709,691
709,700
709,707
709,708
710,364
710,365
710,377
710,656
710,692
710,701
711,351
711,353
711,368
711,653
711,657
711,693
711,702
711,710
712,366
712,367
712,381
712,654
712,658
712,695
712,703
712,710
713,358
713,359
713,373
713,655
713,659
713,696
713,704
713,711
713,712
714,368
714,373
714,386
714,387
714,439
714,661
714,663
714,697
714,698
714,699
715,369
715,374
715,388
715,389
715,440
715,662
715,664
715,698
715,699
715,700
716,94
716,105
716,705
717,370
717,375
717,390
717,391
717,441
717,665
717,667
717,701
717,702
717,703
718,371
718,376
718,392
718,393
718,440
718,666
718,668
718,702
718,703
718,704
719,377
719,381
719,395
719,396
719,442
719,669
719,672
719,706
719,707
719,708
719,714
720,378
720,382
720,397
720,398
720,441
720,670
720,673
720,707
720,708
720,709
720,715
721,379
721,384
721,399
721,400
721,442
721,674
721,676
721,710
721,711
721,712
721,717
722,380
722,385
722,401
722,402
722,439
722,675
722,677
722,711
722,712
722,713
722,718
723,479
723,480
723,514
723,595
723,596
724,481
724,482
724,515
724,597
724,598
724,723
725,484
725,485
725,517
725,599
725,600
726,486
726,487
726,518
726,601
726,602
726,725
727,116
727,128
728,488
728,489
728,519
728,603
728,604
729,490
729,491
729,520
729,606
729,607
729,728
730,492
730,493
730,521
730,608
730,609
731,495
731,496
731,522
731,610
731,611
731,730
732,497
732,498
732,523
732,612
732,613
732,723
733,499
733,500
733,524
733,614
733,615
733,724
733,732
734,501
734,502
734,525
734,617
734,618
734,725
735,503
735,504
735,526
735,619
735,620
735,726
735,734
736,506
736,507
736,528
736,621
736,622
736,728
737,508
737,509
737,529
737,623
737,624
737,729
737,736
738,28
738,139
738,727
739,510
739,511
739,530
739,625
739,626
739,730
740,512
740,513
740,531
740,628
740,629
740,731
740,739
741,630
741,631
741,634
741,661
741,678
741,697
742,632
742,633
742,636
742,662
742,680
742,699
742,741
743,631
743,634
743,635
743,663
743,679
743,698
744,633
744,636
744,664
744,681
744,700
744,743
745,637
745,641
745,665
745,684
745,701
746,639
746,640
746,643
746,666
746,686
746,703
746,745
747,637
747,641
747,642
747,667
747,685
747,702
748,640
748,643
748,644
748,668
748,687
748,704
748,747
749,150
749,161
750,645
750,646
750,650
750,669
750,688
750,706
750,741
751,647
751,648
751,652
751,670
751,690
751,708
751,742
751,750
752,646
752,650
752,651
752,672
752,689
752,707
752,743
753,648
753,652
753,673
753,691
753,709
753,744
753,752
754,653
754,656
754,674
754,692
754,710
754,745
755,654
755,655
755,658
755,675
755,695
755,712
755,746
755,754
756,653
756,656
756,657
756,676
756,693
756,711
756,747
757,655
757,658
757,659
757,677
757,696
757,713
757,748
757,756
758,532
758,533
758,661
758,663
758,678
758,679
758,714
758,723
758,724
758,741
758,742
759,534
759,535
759,662
759,664
759,680
759,681
759,715
759,725
759,726
759,743
759,744
760,105
760,172
760,749
761,536
761,537
761,665
761,667
761,684
761,685
761,717
761,728
761,729
761,745
761,746
762,539
762,540
762,666
762,668
762,686
762,687
762,718
762,730
762,731
762,747
762,748
763,541
763,542
763,669
763,672
763,688
763,689
763,719
763,732
763,733
763,750
763,751
763,758
764,543
764,544
764,670
764,673
764,690
764,691
764,720
764,734
764,735
764,752
764,753
764,759
765,545
765,546
765,674
765,676
765,692
765,693
765,721
765,736
765,737
765,754
765,755
765,761
766,547
766,548
766,675
766,677
766,695
766,696
766,722
766,739
766,740
766,756
766,757
766,762
767,630
767,632
767,661
767,678
768,631
768,633
768,662
768,679
768,767
769,634
769,636
769,663
769,680
769,767
770,635
770,664
770,681
770,768
770,769
771,183
771,194
772,639
772,665
772,684
773,637
773,640
773,666
773,685
773,772
774,641
774,643
774,667
774,686
774,772
775,642
775,644
775,668
775,687
775,773
775,774
776,645
776,647
776,669
776,688
776,767
777,646
777,648
777,670
777,689
777,768
777,776
778,650
778,652
778,672
778,690
778,769
778,776
779,651
779,673
779,691
779,770
779,777
779,778
780,654
780,674
780,692
780,772
781,653
781,655
781,675
781,693
781,773
781,780
782,238
782,205
782,771
783,656
783,658
783,676
783,695
783,774
783,780
784,657
784,659
784,677
784,696
784,775
784,781
784,783
785,697
785,699
785,711
785,713
785,714
785,722
785,767
785,769
785,781
785,784
786,698
786,700
786,702
786,704
786,715
786,718
786,768
786,770
786,773
786,775
786,785
787,701
787,703
787,707
787,709
787,717
787,720
787,772
787,774
787,777
787,779
787,786
788,706
788,708
788,710
788,712
788,719
788,721
788,776
788,778
788,780
788,783
788,785
788,787
789,741
789,742
789,758
789,767
789,768
789,769
789,785
790,743
790,744
790,759
790,768
790,769
790,770
790,786
791,745
791,746
791,761
791,772
791,773
791,774
791,787
792,747
792,748
792,762
792,773
792,774
792,775
792,786
794,216
794,227
795,750
795,751
795,763
795,776
795,777
795,778
795,788
795,789
796,752
796,753
796,764
796,777
796,778
796,779
796,787
796,790
797,754
797,755
797,765
797,780
797,781
797,783
797,788
797,791
798,756
798,757
798,766
798,781
798,783
798,784
798,785
798,792
799,536
799,539
799,545
799,547
799,567
799,569
799,573
799,575
799,586
799,588
800,534
800,537
800,543
800,546
800,568
800,570
800,581
800,584
800,587
800,592
800,799
801,532
801,540
801,541
801,548
801,574
801,576
801,577
801,579
801,589
801,590
801,799
802,533
802,535
802,542
802,544
802,578
802,580
802,582
802,585
802,591
802,593
802,800
802,801
803,351
803,352
803,368
804,353
804,354
804,369
804,803
805,194
805,239
805,794
806,352
806,355
806,370
807,356
807,357
807,371
807,806
808,357
808,358
808,373
808,803
809,359
809,360
809,374
809,804
809,808
810,354
810,362
810,375
810,806
811,360
811,363
811,376
811,807
811,810
812,355
812,364
812,377
812,803
813,362
813,365
813,378
813,804
813,812
814,351
814,364
814,379
814,806
815,358
815,366
815,380
815,807
815,814
816,250
816,261
817,356
817,366
817,381
817,808
817,812
818,363
818,367
818,382
818,809
818,813
818,817
819,353
819,365
819,384
819,810
819,814
820,359
820,367
820,385
820,811
820,815
820,819
821,371
821,380
821,439
821,550
821,558
821,803
821,808
821,817
822,376
822,385
822,440
822,551
822,559
822,804
822,809
822,818
822,821
823,369
823,378
823,441
823,552
823,561
823,806
823,810
823,819
824,374
824,382
824,440
824,553
824,562
824,807
824,811
824,820
824,823
825,370
825,379
825,442
825,554
825,563
825,803
825,812
825,817
826,375
826,384
826,441
826,555
826,564
826,804
826,813
826,818
826,825
827,50
827,272
827,816
828,368
828,377
828,442
828,556
828,565
828,806
828,814
828,819
829,373
829,381
829,439
829,557
829,566
829,807
829,815
829,820
829,828
830,595
830,596
830,723
831,597
831,598
831,724
831,830
832,599
832,600
832,725
833,601
833,602
833,726
833,832
834,603
834,604
834,728
835,606
835,607
835,729
835,834
836,608
836,609
836,730
837,610
837,611
837,731
837,836
838,283
838,294
839,612
839,613
839,732
839,830
840,614
840,615
840,733
840,831
840,839
841,617
841,618
841,734
841,832
842,619
842,620
842,735
842,833
842,841
843,621
843,622
843,736
843,834
844,623
844,624
844,737
844,835
844,843
845,625
845,626
845,739
845,836
846,628
846,629
846,740
846,837
846,845
847,630
847,631
847,661
847,741
848,632
848,633
848,662
848,742
848,847
849,128
849,305
849,838
850,634
850,635
850,663
850,743
850,847
851,636
851,664
851,744
851,848
851,850
852,637
852,665
852,745
853,639
853,640
853,666
853,746
853,852
854,641
854,642
854,667
854,747
854,852
855,643
855,644
855,668
855,748
855,853
855,854
856,645
856,646
856,669
856,750
856,847
857,647
857,648
857,670
857,751
857,848
857,856
858,650
858,651
858,672
858,752
858,850
858,856
859,652
859,673
859,753
859,851
859,857
859,858
860,261
860,316
861,653
861,674
861,754
861,852
862,654
862,655
862,675
862,755
862,853
862,861
863,656
863,657
863,676
863,756
863,854
863,861
864,658
864,659
864,677
864,757
864,855
864,862
864,863
865,678
865,679
865,758
865,830
865,831
865,847
865,848
865,850
866,680
866,681
866,759
866,832
866,833
866,848
866,850
866,851
867,684
867,685
867,761
867,834
867,835
867,852
867,853
867,854
868,686
868,687
868,762
868,836
868,837
868,853
868,854
868,855
869,688
869,689
869,763
869,839
869,840
869,856
869,857
869,858
869,865
870,690
870,691
870,764
870,841
870,842
870,857
870,858
870,859
870,866
871,460
871,327
871,860
872,692
872,693
872,765
872,843
872,844
872,861
872,862
872,863
872,867
873,695
873,696
873,766
873,845
873,846
873,862
873,863
873,864
873,868
874,697
874,698
874,714
874,803
874,808
874,821
874,847
874,850
874,865
875,699
875,700
875,715
875,804
875,809
875,822
875,848
875,851
875,866
875,874
876,701
876,702
876,717
876,806
876,810
876,823
876,852
876,854
876,867
877,703
877,704
877,718
877,807
877,811
877,824
877,853
877,855
877,868
877,876
878,706
878,707
878,719
878,812
878,817
878,825
878,856
878,858
878,869
878,874
879,708
879,709
879,720
879,813
879,818
879,826
879,857
879,859
879,870
879,875
879,878
880,710
880,711
880,721
880,814
880,819
880,828
880,861
880,863
880,872
880,876
881,712
881,713
881,722
881,815
881,820
881,829
881,862
881,864
881,873
881,877
881,880
882,338
882,350
883,604
883,622
884,596
884,613
884,883
885,607
885,624
885,883
886,598
886,615
886,884
886,885
887,609
887,626
888,600
888,618
888,887
889,611
889,629
889,887
890,602
890,620
890,888
890,889
891,603
891,621
891,883
892,595
892,612
892,884
892,891
893,161
893,361
893,882
894,606
894,623
894,885
894,891
895,597
895,614
895,886
895,892
895,894
896,608
896,625
896,887
897,599
897,617
897,888
897,896
898,610
898,628
898,889
898,896
899,601
899,619
899,890
899,897
899,898
900,637
900,653
901,631
901,646
901,900
902,642
902,657
902,900
903,635
903,651
903,901
903,902
904,793
905,294
905,372
906,640
906,655
906,900
907,633
907,648
907,901
907,906
908,644
908,659
908,902
908,906
909,630
909,645
909,901
910,641
910,656
910,902
911,634
911,650
911,903
911,909
911,910
912,639
912,654
912,906
913,632
913,647
913,907
913,909
913,912
914,643
914,658
914,908
914,910
914,912
915,636
915,652
915,911
915,913
915,914
916,904
916,383
916,905
917,702
917,711
917,803
917,804
917,900
917,901
917,902
918,698
918,707
918,806
918,807
918,901
918,902
918,903
919,704
919,713
919,808
919,809
919,906
919,907
919,908
919,917
920,700
920,709
920,810
920,811
920,907
920,908
920,918
921,701
921,710
921,812
921,813
921,909
921,910
921,917
922,697
922,706
922,814
922,815
922,909
922,910
922,911
922,918
923,703
923,712
923,817
923,818
923,912
923,913
923,914
923,919
923,921
924,699
924,708
924,819
924,820
924,913
924,914
924,915
924,920
924,922
925,685
925,693
925,883
925,885
925,900
925,902
925,906
925,917
926,679
926,689
926,884
926,886
926,901
926,903
926,907
926,918
926,925
927,350
927,394
928,687
928,696
928,887
928,889
928,902
928,906
928,908
928,919
929,681
929,691
929,888
929,890
929,903
929,907
929,920
929,928
930,684
930,692
930,891
930,894
930,910
930,912
930,921
930,925
931,678
931,688
931,892
931,895
931,909
931,911
931,913
931,922
931,926
931,930
932,686
932,695
932,896
932,898
932,910
932,912
932,914
932,923
932,928
933,680
933,690
933,897
933,899
933,911
933,913
933,915
933,924
933,929
933,932
934,567
934,577
934,666
934,675
934,900
934,906
934,912
934,925
935,568
935,578
935,662
935,670
935,901
935,907
935,913
935,926
935,934
936,569
936,579
936,668
936,677
936,902
936,908
936,914
936,928
936,934
937,570
937,580
937,664
937,673
937,903
937,915
937,929
937,935
937,936
938,83
938,405
938,927
939,573
939,581
939,665
939,674
939,900
939,912
939,930
940,574
940,582
940,661
940,669
940,901
940,909
940,913
940,931
940,939
941,575
941,584
941,667
941,676
941,902
941,910
941,914
941,932
941,939
942,576
942,585
942,663
942,672
942,903
942,911
942,915
942,933
942,940
942,941
943,586
943,590
943,718
943,722
943,821
943,822
943,917
943,919
943,923
943,934
943,935
943,936
944,587
944,591
944,715
944,720
944,823
944,824
944,918
944,920
944,924
944,935
944,936
944,937
945,588
945,592
945,717
945,721
945,825
945,826
945,917
945,921
945,923
945,939
945,940
945,941
946,589
946,593
946,714
946,719
946,828
946,829
946,918
946,922
946,924
946,940
946,941
946,942
947,767
947,768
947,789
947,847
947,848
947,865
947,883
947,884
948,769
948,770
948,790
948,850
948,851
948,866
948,885
948,886
948,947
949,227
949,416
950,772
950,773
950,791
950,852
950,853
950,867
950,887
950,888
951,774
951,775
951,792
951,854
951,855
951,868
951,889
951,890
951,950
952,776
952,777
952,795
952,856
952,857
952,869
952,891
952,892
952,947
953,778
953,779
953,796
953,858
953,859
953,870
953,894
953,895
953,948
953,952
954,780
954,781
954,797
954,861
954,862
954,872
954,896
954,897
954,950
955,783
955,784
955,798
955,863
955,864
955,873
955,898
955,899
955,951
955,954
956,773
956,781
956,900
956,901
956,906
956,917
956,925
956,934
957,775
957,784
957,902
957,903
957,908
957,918
957,928
957,936
957,956
958,768
958,777
958,901
958,906
958,907
958,919
958,926
958,935
959,770
959,779
959,903
959,908
959,920
959,929
959,937
959,958
960,1
960,427
960,949
961,772
961,780
961,909
961,912
961,921
961,930
961,939
961,956
962,774
962,783
962,910
962,911
962,914
962,922
962,932
962,941
962,957
962,961
963,767
963,776
963,909
963,912
963,913
963,923
963,931
963,940
963,958
964,769
964,778
964,911
964,914
964,915
964,924
964,933
964,942
964,959
964,963
965,785
965,786
965,874
965,875
965,917
965,919
965,925
965,926
965,943
965,947
965,948
965,956
965,957
966,786
966,787
966,876
966,877
966,918
966,920
966,928
966,929
966,944
966,950
966,951
966,958
966,959
967,787
967,788
967,878
967,879
967,921
967,923
967,930
967,931
967,945
967,952
967,953
967,961
967,962
967,965
968,785
968,788
968,880
968,881
968,922
968,924
968,932
968,933
968,946
968,954
968,955
968,963
968,964
968,966
969,573
969,574
969,588
969,730
969,739
969,887
969,896
970,581
970,582
970,592
970,725
970,734
970,888
970,897
970,969
971,427
971,438
971,616
972,575
972,576
972,589
972,731
972,740
972,889
972,898
972,969
973,584
973,585
973,593
973,726
973,735
973,890
973,899
973,970
973,972
974,567
974,568
974,586
974,728
974,736
974,883
974,891
975,577
975,578
975,590
975,723
975,732
975,884
975,892
975,974
976,569
976,570
976,587
976,729
976,737
976,885
976,894
976,974
977,579
977,580
977,591
977,724
977,733
977,886
977,895
977,975
977,976
978,747
978,756
978,900
978,902
978,910
978,917
978,925
978,941
979,743
979,752
979,901
979,903
979,911
979,918
979,926
979,942
979,978
980,748
980,757
980,906
980,908
980,914
980,919
980,928
980,936
980,978
981,744
981,753
981,907
981,915
981,920
981,929
981,937
981,979
981,980
982,205
982,449
982,627
982,971
983,745
983,754
983,900
983,910
983,921
983,930
983,939
984,741
984,750
984,901
984,909
984,911
984,922
984,931
984,940
984,983
985,746
985,755
985,906
985,912
985,914
985,923
985,932
985,934
985,983
986,742
986,751
986,907
986,913
986,915
986,924
986,933
986,935
986,984
986,985
987,762
987,766
987,799
987,801
987,928
987,932
987,934
987,936
987,943
987,969
987,972
987,978
987,980
988,759
988,764
988,800
988,802
988,929
988,933
988,935
988,937
988,944
988,970
988,973
988,979
988,981
988,987
989,761
989,765
989,799
989,800
989,925
989,930
989,939
989,941
989,945
989,974
989,976
989,983
989,985
990,758
990,763
990,801
990,802
990,926
990,931
990,940
990,942
990,946
990,975
990,977
990,984
990,986
990,989
991,792
991,798
991,956
991,957
991,962
991,965
991,978
991,979
991,980
991,987
992,790
992,796
992,958
992,959
992,964
992,966
992,979
992,980
992,981
992,988
993,327
993,461
993,638
994,791
994,797
994,956
994,961
994,962
994,967
994,983
994,984
994,985
994,989
995,789
995,795
995,958
995,963
995,964
995,968
995,984
995,985
995,986
995,990
996,834
996,843
996,883
996,891
996,892
996,952
996,974
997,835
997,844
997,885
997,894
997,895
997,953
997,976
997,996
998,836
998,845
998,887
998,896
998,897
998,954
998,969
999,837
999,846
999,889
999,898
999,899
999,955
999,972
999,998
1000,830
1000,839
1000,883
1000,884
1000,892
1000,947
1000,975
1001,831
1001,840
1001,885
1001,886
1001,895
1001,948
1001,977
1001,1000
1002,832
1002,841
1002,887
1002,888
1002,897
1002,950
1002,970
1003,833
1003,842
1003,889
1003,890
1003,899
1003,951
1003,973
1003,1002
1004,61
1004,472
1004,649
1004,993
1005,847
1005,856
1005,900
1005,901
1005,909
1005,917
1005,940
1005,956
1005,984
1006,850
1006,858
1006,902
1006,903
1006,911
1006,918
1006,942
1006,957
1006,979
1006,1005
1007,848
1007,857
1007,906
1007,907
1007,913
1007,919
1007,935
1007,958
1007,986
1007,1005
1008,851
1008,859
1008,908
1008,915
1008,920
1008,937
1008,959
1008,981
1008,1006
1008,1007
1009,852
1009,861
1009,900
1009,909
1009,921
1009,939
1009,961
1009,983
1010,854
1010,863
1010,902
1010,910
1010,911
1010,922
1010,941
1010,962
1010,978
1010,1009
1011,853
1011,862
1011,906
1011,912
1011,913
1011,923
1011,934
1011,963
1011,985
1011,1009
1012,855
1012,864
1012,908
1012,914
1012,915
1012,924
1012,936
1012,964
1012,980
1012,1010
1012,1011
1013,865
1013,869
1013,925
1013,926
1013,931
1013,965
1013,990
1013,1000
1013,1001
1013,1005
1013,1006
1013,1007
1014,866
1014,870
1014,928
1014,929
1014,933
1014,966
1014,988
1014,1002
1014,1003
1014,1006
1014,1007
1014,1008
