1,0
2,117
2,228
2,339
2,894
3,917
3,928
3,939
3,994
4,592
4,593
4,594
4,597
4,598
4,601
4,995
4,996
4,997
4,1000
4,1001
4,1003
4,1004
5,596
5,597
5,598
5,600
5,601
5,604
5,904
5,907
5,923
5,924
5,927
5,929
5,930
5,1000
5,1001
5,1003
5,1004
5,4
6,591
6,592
6,593
6,596
6,597
6,598
6,601
6,798
6,801
6,941
6,942
6,958
6,959
6,964
6,965
6,967
7,592
7,593
7,594
7,597
7,598
7,601
7,958
7,959
7,960
7,964
7,965
7,967
7,6
8,596
8,597
8,598
8,600
8,601
8,604
8,801
8,803
8,941
8,942
8,944
8,945
8,946
8,964
8,965
8,967
8,6
8,7
9,928
9,939
9,950
9,3
10,939
10,950
10,961
10,9
11,950
11,961
11,972
11,10
12,961
12,972
12,11
13,983
13,994
14,983
14,994
14,3
14,13
15,994
15,3
15,9
15,14
16,3
16,9
16,10
16,15
17,9
17,10
17,11
17,16
18,228
18,339
18,450
18,2
19,10
19,11
19,12
19,17
20,11
20,12
20,19
21,13
21,14
22,13
22,14
22,15
22,21
23,14
23,15
23,16
23,22
24,15
24,16
24,17
24,23
25,16
25,17
25,19
25,24
26,17
26,19
26,20
26,25
27,19
27,20
27,26
28,21
28,22
29,339
29,450
29,561
29,18
30,21
30,22
30,23
30,28
31,22
31,23
31,24
31,30
32,23
32,24
32,25
32,31
33,24
33,25
33,26
33,32
34,25
34,26
34,27
34,33
35,26
35,27
35,34
36,28
36,30
37,28
37,30
37,31
37,36
38,30
38,31
38,32
38,37
39,31
39,32
39,33
39,38
40,450
40,561
40,29
41,32
41,33
41,34
41,39
42,33
42,34
42,35
42,41
43,34
43,35
43,42
44,36
44,37
45,36
45,37
45,38
45,44
46,37
46,38
46,39
46,45
47,38
47,39
47,41
47,46
48,39
48,41
48,42
48,47
49,41
49,42
49,43
49,48
50,42
50,43
50,49
51,672
51,783
52,44
52,45
53,44
53,45
53,46
53,52
54,45
54,46
54,47
54,53
55,46
55,47
55,48
55,54
56,47
56,48
56,49
56,55
57,48
57,49
57,50
57,56
58,49
58,50
58,57
59,52
59,53
60,52
60,53
60,54
60,59
61,53
61,54
61,55
61,60
62,672
62,783
62,894
62,51
63,54
63,55
63,56
63,61
64,55
64,56
64,57
64,63
65,56
65,57
65,58
65,64
66,57
66,58
66,65
67,59
67,60
68,59
68,60
68,61
68,67
69,60
69,61
69,63
69,68
70,61
70,63
70,64
70,69
71,63
71,64
71,65
71,70
72,64
72,65
72,66
72,71
73,783
73,894
73,2
73,62
74,65
74,66
74,72
75,67
75,68
76,67
76,68
76,69
76,75
77,68
77,69
77,70
77,76
78,69
78,70
78,71
78,77
79,70
79,71
79,72
79,78
80,71
80,72
80,74
80,79
81,72
81,74
81,80
82,75
82,76
83,75
83,76
83,77
83,82
84,894
84,2
84,18
84,73
85,76
85,77
85,78
85,83
86,77
86,78
86,79
86,85
87,78
87,79
87,80
87,86
88,79
88,80
88,81
88,87
89,80
89,81
89,88
90,82
90,83
91,82
91,83
91,85
91,90
92,83
92,85
92,86
92,91
93,85
93,86
93,87
93,92
94,86
94,87
94,88
94,93
95,2
95,18
95,29
95,84
96,87
96,88
96,89
96,94
97,88
97,89
97,96
99,98
100,99
101,100
102,101
103,102
104,103
105,98
105,99
106,18
106,29
106,40
106,95
107,98
107,99
107,100
107,105
108,99
108,100
108,101
108,107
109,100
109,101
109,102
109,108
110,101
110,102
110,103
110,109
111,102
111,103
111,104
111,110
112,103
112,104
112,111
113,105
113,107
114,105
114,107
114,108
114,113
115,107
115,108
115,109
115,114
116,108
116,109
116,110
116,115
117,1
118,29
118,40
118,106
119,109
119,110
119,111
119,116
120,110
120,111
120,112
120,119
121,111
121,112
121,120
122,113
122,114
123,113
123,114
123,115
123,122
124,114
124,115
124,116
124,123
125,115
125,116
125,119
125,124
126,116
126,119
126,120
126,125
127,119
127,120
127,121
127,126
128,120
128,121
128,127
129,51
129,62
130,122
130,123
131,122
131,123
131,124
131,130
132,123
132,124
132,125
132,131
133,124
133,125
133,126
133,132
134,125
134,126
134,127
134,133
135,126
135,127
135,128
135,134
136,127
136,128
136,135
137,130
137,131
138,130
138,131
138,132
138,137
139,131
139,132
139,133
139,138
140,51
140,62
140,73
140,129
141,132
141,133
141,134
141,139
142,133
142,134
142,135
142,141
143,134
143,135
143,136
143,142
144,135
144,136
144,143
145,137
145,138
146,137
146,138
146,139
146,145
147,138
147,139
147,141
147,146
148,139
148,141
148,142
148,147
149,141
149,142
149,143
149,148
150,142
150,143
150,144
150,149
151,62
151,73
151,84
151,140
152,143
152,144
152,150
153,145
153,146
154,145
154,146
154,147
154,153
155,146
155,147
155,148
155,154
156,147
156,148
156,149
156,155
157,148
157,149
157,150
157,156
158,149
158,150
158,152
158,157
159,150
159,152
159,158
160,153
160,154
161,153
161,154
161,155
161,160
162,73
162,84
162,95
162,151
163,154
163,155
163,156
163,161
164,155
164,156
164,157
164,163
165,156
165,157
165,158
165,164
166,157
166,158
166,159
166,165
167,158
167,159
167,166
168,160
168,161
169,160
169,161
169,163
169,168
170,161
170,163
170,164
170,169
171,163
171,164
171,165
171,170
172,164
172,165
172,166
172,171
173,84
173,95
173,106
173,162
174,165
174,166
174,167
174,172
175,166
175,167
175,174
176,168
176,169
177,168
177,169
177,170
177,176
178,169
178,170
178,171
178,177
179,170
179,171
179,172
179,178
180,171
180,172
180,174
180,179
181,172
181,174
181,175
181,180
182,174
182,175
182,181
183,176
183,177
184,95
184,106
184,118
184,173
185,176
185,177
185,178
185,183
186,177
186,178
186,179
186,185
187,178
187,179
187,180
187,186
188,179
188,180
188,181
188,187
189,180
189,181
189,182
189,188
190,181
190,182
190,189
191,183
191,185
192,183
192,185
192,186
192,191
193,185
193,186
193,187
193,192
194,186
194,187
194,188
194,193
195,106
195,118
195,184
196,187
196,188
196,189
196,194
197,188
197,189
197,190
197,196
198,189
198,190
198,197
200,199
201,200
202,201
203,202
204,203
205,204
206,129
206,140
207,199
207,200
208,199
208,200
208,201
208,207
209,200
209,201
209,202
209,208
210,201
210,202
210,203
210,209
211,202
211,203
211,204
211,210
212,203
212,204
212,205
212,211
213,204
213,205
213,212
214,207
214,208
215,207
215,208
215,209
215,214
216,208
216,209
216,210
216,215
217,129
217,140
217,151
217,206
218,209
218,210
218,211
218,216
219,210
219,211
219,212
219,218
220,211
220,212
220,213
220,219
221,212
221,213
221,220
222,214
222,215
223,214
223,215
223,216
223,222
224,215
224,216
224,218
224,223
225,216
225,218
225,219
225,224
226,218
226,219
226,220
226,225
227,219
227,220
227,221
227,226
228,117
229,140
229,151
229,162
229,217
230,220
230,221
230,227
231,222
231,223
232,222
232,223
232,224
232,231
233,223
233,224
233,225
233,232
234,224
234,225
234,226
234,233
235,225
235,226
235,227
235,234
236,226
236,227
236,230
236,235
237,227
237,230
237,236
238,231
238,232
239,231
239,232
239,233
239,238
240,151
240,162
240,173
240,229
241,232
241,233
241,234
241,239
242,233
242,234
242,235
242,241
243,234
243,235
243,236
243,242
244,235
244,236
244,237
244,243
245,236
245,237
245,244
246,238
246,239
247,238
247,239
247,241
247,246
248,239
248,241
248,242
248,247
249,241
249,242
249,243
249,248
250,242
250,243
250,244
250,249
251,162
251,173
251,184
251,240
252,243
252,244
252,245
252,250
253,244
253,245
253,252
254,246
254,247
255,246
255,247
255,248
255,254
256,247
256,248
256,249
256,255
257,248
257,249
257,250
257,256
258,249
258,250
258,252
258,257
259,250
259,252
259,253
259,258
260,252
260,253
260,259
261,254
261,255
262,173
262,184
262,195
262,251
263,254
263,255
263,256
263,261
264,255
264,256
264,257
264,263
265,256
265,257
265,258
265,264
266,257
266,258
266,259
266,265
267,258
267,259
267,260
267,266
268,259
268,260
268,267
269,261
269,263
270,261
270,263
270,264
270,269
271,263
271,264
271,265
271,270
272,264
272,265
272,266
272,271
273,184
273,195
273,262
274,265
274,266
274,267
274,272
275,266
275,267
275,268
275,274
276,267
276,268
276,275
277,269
277,270
278,269
278,270
278,271
278,277
279,270
279,271
279,272
279,278
280,271
280,272
280,274
280,279
281,272
281,274
281,275
281,280
282,274
282,275
282,276
282,281
283,275
283,276
283,282
284,206
284,217
285,277
285,278
286,277
286,278
286,279
286,285
287,278
287,279
287,280
287,286
288,279
288,280
288,281
288,287
289,280
289,281
289,282
289,288
290,281
290,282
290,283
290,289
291,282
291,283
291,290
292,285
292,286
293,285
293,286
293,287
293,292
294,286
294,287
294,288
294,293
295,206
295,217
295,229
295,284
296,287
296,288
296,289
296,294
297,288
297,289
297,290
297,296
298,289
298,290
298,291
298,297
299,290
299,291
299,298
301,300
302,301
303,302
304,300
304,301
305,300
305,301
305,302
305,304
306,217
306,229
306,240
306,295
307,301
307,302
307,303
307,305
308,302
308,303
308,307
309,304
309,305
310,304
310,305
310,307
310,309
311,305
311,307
311,308
311,310
312,307
312,308
312,311
313,309
313,310
314,309
314,310
314,311
314,313
315,310
315,311
315,314
316,311
316,312
316,315
317,229
317,240
317,251
317,306
318,313
318,314
319,313
319,314
319,318
320,314
320,315
320,319
321,315
321,316
321,320
322,318
323,318
323,319
323,322
324,319
324,320
324,323
325,320
325,321
325,324
326,322
327,322
327,323
327,326
328,240
328,251
328,262
328,317
329,323
329,324
329,327
330,324
330,325
330,329
331,326
332,326
332,327
332,331
333,327
333,329
333,332
334,329
334,330
334,333
335,0
335,292
335,331
336,331
336,332
336,335
337,332
337,333
337,336
338,333
338,334
338,337
339,228
340,251
340,262
340,273
340,328
341,0
341,1
341,292
341,293
341,335
341,336
342,336
342,337
342,341
343,337
343,342
344,337
344,338
344,343
345,344
346,345
347,346
348,0
348,1
348,117
348,292
348,293
348,294
348,341
348,342
349,342
349,348
350,342
350,343
350,349
351,262
351,273
351,340
352,343
352,344
352,345
352,350
353,345
353,346
353,352
354,346
354,347
354,353
355,347
355,354
356,347
356,355
357,1
357,117
357,228
357,293
357,294
357,296
357,348
357,349
358,349
358,350
358,357
359,350
359,352
359,358
360,352
360,353
360,359
361,353
361,354
361,360
362,284
362,295
363,354
363,355
363,361
364,355
364,356
364,363
365,356
365,364
366,117
366,228
366,294
366,296
366,357
366,358
367,358
367,359
367,366
368,359
368,360
368,367
369,360
369,361
369,368
370,361
370,363
370,369
371,363
371,364
371,370
372,364
372,365
372,371
373,284
373,295
373,306
373,362
374,365
374,372
375,228
375,339
375,450
375,296
375,297
375,298
375,366
375,367
376,367
376,368
376,375
377,368
377,376
378,368
378,369
378,370
378,377
379,370
379,371
379,378
380,371
380,372
380,379
381,372
381,374
381,380
382,374
382,381
383,450
383,561
383,298
383,299
383,375
384,295
384,306
384,317
384,373
385,375
385,376
385,383
386,376
386,377
386,385
387,377
387,378
387,386
388,378
388,379
388,387
389,379
389,380
389,388
390,380
390,381
390,389
391,381
391,382
391,390
392,450
392,561
392,298
392,299
392,383
393,383
393,385
393,392
394,385
394,386
394,393
395,306
395,317
395,328
395,384
396,386
396,387
396,394
397,387
397,388
397,396
398,388
398,389
398,397
399,389
399,390
399,391
399,398
400,300
400,301
401,300
401,301
401,302
401,400
402,301
402,302
402,303
402,401
403,302
403,303
403,402
404,400
404,401
405,400
405,401
405,402
405,404
406,317
406,328
406,340
406,395
407,401
407,402
407,403
407,405
408,402
408,403
408,407
409,404
409,405
410,404
410,405
410,407
410,409
411,405
411,407
411,410
412,407
412,408
412,411
413,409
413,410
414,409
414,410
414,413
415,410
415,411
415,414
416,411
416,412
416,415
417,328
417,340
417,351
417,406
418,413
419,413
419,414
419,418
420,414
420,415
420,419
421,415
421,416
421,420
422,418
423,418
423,419
423,422
424,419
424,420
424,423
425,420
425,421
425,424
426,422
427,422
427,423
427,426
428,340
428,351
428,417
429,423
429,424
429,427
430,424
430,425
430,429
431,828
431,906
431,426
432,426
432,427
432,431
433,427
433,429
433,432
434,429
434,430
434,433
435,828
435,839
435,906
435,917
435,431
435,432
436,432
436,433
436,435
437,433
437,436
438,433
438,434
438,437
439,362
439,373
440,438
441,440
442,441
443,828
443,839
443,850
443,906
443,917
443,928
443,435
443,436
444,436
444,443
445,436
445,437
445,444
446,437
446,438
446,440
446,445
447,440
447,441
447,446
448,441
448,442
448,447
449,442
449,448
450,339
451,362
451,373
451,384
451,439
452,442
452,449
453,839
453,850
453,861
453,917
453,928
453,939
453,443
453,444
454,444
454,445
454,453
455,445
455,446
455,454
456,446
456,447
456,455
457,447
457,448
457,456
458,448
458,449
458,457
459,449
459,452
459,458
460,452
460,459
461,850
461,861
461,928
461,939
461,453
461,454
462,373
462,384
462,395
462,451
463,454
463,455
463,461
464,455
464,456
464,463
465,456
465,457
465,464
466,457
466,458
466,465
467,458
467,459
467,466
468,459
468,460
468,467
469,460
469,468
470,861
470,872
470,883
470,939
470,950
470,961
470,461
470,463
471,463
471,464
471,470
472,464
472,471
473,384
473,395
473,406
473,462
474,464
474,465
474,466
474,472
475,466
475,467
475,474
476,467
476,468
476,475
477,468
477,469
477,476
478,469
478,477
479,883
479,895
479,961
479,972
479,470
480,470
480,471
480,479
481,471
481,472
481,480
482,472
482,474
482,481
483,474
483,475
483,482
484,395
484,406
484,417
484,473
485,475
485,476
485,483
486,476
486,477
486,485
487,477
487,478
487,486
488,883
488,895
488,961
488,972
488,479
489,479
489,480
489,488
490,480
490,481
490,489
491,481
491,482
491,490
492,482
492,483
492,491
493,483
493,485
493,492
494,485
494,486
494,487
494,493
495,406
495,417
495,428
495,484
496,300
496,301
497,300
497,301
497,302
497,496
498,301
498,302
498,303
498,497
499,302
499,303
499,498
500,496
500,497
501,496
501,497
501,498
501,500
502,497
502,498
502,499
502,501
503,498
503,499
503,502
504,500
504,501
505,500
505,501
505,502
505,504
506,417
506,428
506,495
507,501
507,502
507,505
508,502
508,503
508,507
509,504
509,505
510,504
510,505
510,509
511,505
511,507
511,510
512,507
512,508
512,511
513,509
514,509
514,510
514,513
515,510
515,511
515,514
516,511
516,512
516,515
517,439
517,451
518,513
519,513
519,514
519,518
520,514
520,515
520,519
521,515
521,516
521,520
522,518
523,518
523,519
523,522
524,519
524,520
524,523
525,520
525,521
525,524
526,90
526,98
526,522
527,522
527,523
527,526
528,439
528,451
528,462
528,517
529,523
529,524
529,527
530,524
530,525
530,529
531,90
531,91
531,98
531,99
531,526
531,527
532,527
532,529
532,531
533,529
533,532
534,529
534,530
534,533
535,534
536,535
537,536
538,90
538,91
538,92
538,98
538,99
538,100
538,531
538,532
539,451
539,462
539,473
539,528
540,532
540,538
541,532
541,533
541,540
542,533
542,534
542,535
542,541
543,535
543,536
543,542
544,536
544,537
544,543
545,537
545,544
546,537
546,545
547,91
547,92
547,93
547,99
547,100
547,101
547,538
547,540
548,540
548,541
548,547
549,541
549,542
549,548
550,462
550,473
550,484
550,539
551,542
551,543
551,549
552,543
552,544
552,551
553,544
553,545
553,552
554,545
554,546
554,553
555,546
555,554
556,92
556,93
556,100
556,101
556,547
556,548
557,548
557,549
557,556
558,549
558,551
558,557
559,551
559,552
559,558
560,552
560,553
560,559
561,450
562,473
562,484
562,495
562,550
563,553
563,554
563,560
564,554
564,555
564,563
565,555
565,564
566,93
566,94
566,96
566,101
566,102
566,103
566,556
566,557
567,557
567,558
567,566
568,558
568,567
569,558
569,559
569,560
569,568
570,560
570,563
570,569
571,563
571,564
571,570
572,564
572,565
572,571
573,484
573,495
573,506
573,562
574,565
574,572
575,96
575,97
575,103
575,104
575,566
576,566
576,567
576,575
577,567
577,568
577,576
578,568
578,569
578,577
579,569
579,570
579,578
580,570
580,571
580,579
581,571
581,572
581,580
582,572
582,574
582,581
583,96
583,97
583,103
583,104
583,575
584,495
584,506
584,573
585,575
585,576
585,583
586,576
586,577
586,585
587,577
587,578
587,586
588,578
588,579
588,587
589,579
589,580
589,588
590,580
590,581
590,582
590,589
591,300
591,301
592,300
592,301
592,302
592,591
593,301
593,302
593,303
593,592
594,302
594,303
594,593
595,517
595,528
596,591
596,592
597,591
597,592
597,593
597,596
598,592
598,593
598,594
598,597
599,593
599,594
599,598
600,596
600,597
601,596
601,597
601,598
601,600
602,597
602,598
602,601
603,598
603,599
603,602
604,600
604,601
605,600
605,601
605,604
606,517
606,528
606,539
606,595
607,601
607,602
607,605
608,602
608,603
608,607
609,604
610,604
610,605
610,609
611,605
611,607
611,610
612,607
612,608
612,611
613,609
614,609
614,610
614,613
615,610
615,611
615,614
616,611
616,612
616,615
617,528
617,539
617,550
617,606
618,613
619,613
619,614
619,618
620,614
620,615
620,619
621,615
621,616
621,620
622,191
622,199
622,618
623,618
623,619
623,622
624,619
624,620
624,623
625,620
625,621
625,624
626,191
626,192
626,199
626,200
626,622
626,623
627,623
627,624
627,626
628,539
628,550
628,562
628,617
629,624
629,627
630,624
630,625
630,629
631,630
632,631
633,632
634,191
634,192
634,193
634,199
634,200
634,201
634,626
634,627
635,627
635,634
636,627
636,629
636,635
637,629
637,630
637,631
637,636
638,631
638,632
638,637
639,550
639,562
639,573
639,628
640,632
640,633
640,638
641,633
641,640
642,633
642,641
643,192
643,193
643,194
643,200
643,201
643,202
643,634
643,635
644,635
644,636
644,643
645,636
645,637
645,644
646,637
646,638
646,645
647,638
647,640
647,646
648,640
648,641
648,647
649,641
649,642
649,648
650,562
650,573
650,584
650,639
651,642
651,649
652,193
652,194
652,201
652,202
652,643
652,644
653,644
653,645
653,652
654,645
654,646
654,653
655,646
655,647
655,654
656,647
656,648
656,655
657,648
657,649
657,656
658,649
658,651
658,657
659,651
659,658
660,194
660,196
660,197
660,202
660,203
660,204
660,652
660,653
661,573
661,584
661,650
662,653
662,654
662,660
663,654
663,662
664,654
664,655
664,656
664,663
665,656
665,657
665,664
666,657
666,658
666,665
667,658
667,659
667,666
668,659
668,667
669,197
669,198
669,204
669,205
669,660
670,660
670,662
670,669
671,662
671,663
671,670
672,0
672,1
673,595
673,606
674,663
674,664
674,671
675,664
675,665
675,674
676,665
676,666
676,675
677,666
677,667
677,676
678,667
678,668
678,677
679,197
679,198
679,204
679,205
679,669
680,669
680,670
680,679
681,670
681,671
681,680
682,671
682,674
682,681
683,674
683,675
683,682
684,595
684,606
684,617
684,673
685,675
685,676
685,683
686,676
686,677
686,678
686,685
687,381
687,382
688,380
688,381
688,687
689,379
689,380
689,688
690,378
690,379
690,689
691,690
692,289
692,691
693,281
693,289
693,692
694,274
694,281
694,693
695,606
695,617
695,628
695,684
696,266
696,274
696,694
697,258
697,266
697,696
698,243
698,250
698,258
698,697
699,376
699,377
699,378
699,690
699,691
700,289
700,297
700,375
700,376
700,691
700,692
700,699
701,381
701,382
702,380
702,381
702,701
703,379
703,380
703,702
704,378
704,379
704,703
705,704
706,617
706,628
706,639
706,695
707,18
707,705
708,18
708,95
708,707
709,95
709,173
709,708
710,173
710,251
710,709
711,251
711,328
711,710
712,328
712,406
712,484
712,711
713,376
713,377
713,378
713,704
713,705
714,339
714,18
714,375
714,376
714,705
714,707
714,713
715,477
715,478
716,476
716,477
716,715
717,628
717,639
717,650
717,706
718,475
718,476
718,716
719,474
719,475
719,718
720,719
721,795
721,720
722,717
722,795
722,721
723,639
723,717
723,722
724,562
724,639
724,723
725,484
725,562
725,712
725,724
726,471
726,472
726,474
726,719
726,720
727,795
727,872
727,470
727,471
727,720
727,721
727,726
728,639
728,650
728,661
728,717
729,477
729,478
730,476
730,477
730,729
731,475
731,476
731,730
732,474
732,475
732,731
733,732
734,10
734,733
735,10
735,17
735,734
736,17
736,25
736,735
737,25
737,33
737,736
738,33
738,41
738,737
739,650
739,661
739,728
740,41
740,48
740,56
740,738
741,471
741,472
741,474
741,732
741,733
742,950
742,10
742,470
742,471
742,733
742,734
742,741
743,572
743,574
744,571
744,572
744,743
745,570
745,571
745,744
746,569
746,570
746,745
747,746
748,87
748,747
749,79
749,87
749,748
750,673
750,684
751,71
751,79
751,749
752,64
752,71
752,751
753,56
753,64
753,740
753,752
754,567
754,568
754,569
754,746
754,747
755,87
755,94
755,566
755,567
755,747
755,748
755,754
756,572
756,574
757,571
757,572
757,756
758,570
758,571
758,757
759,569
759,570
759,758
760,759
761,673
761,684
761,695
761,750
762,110
762,760
763,110
763,119
763,762
764,119
764,126
764,763
765,126
765,134
765,764
766,134
766,142
766,765
767,142
767,149
767,157
767,766
768,567
768,568
768,569
768,759
768,760
769,102
769,110
769,566
769,567
769,760
769,762
769,768
770,667
770,668
771,666
771,667
771,770
772,684
772,695
772,706
772,761
773,665
773,666
773,771
774,664
774,665
774,773
775,774
776,188
776,775
777,180
777,188
777,776
778,172
778,180
778,777
779,165
779,172
779,778
780,157
780,165
780,767
780,779
781,662
781,663
781,664
781,774
781,775
782,188
782,196
782,660
782,662
782,775
782,776
782,781
783,0
783,1
783,117
783,672
784,695
784,706
784,717
784,772
785,667
785,668
786,666
786,667
786,785
787,665
787,666
787,786
788,664
788,665
788,787
789,788
790,211
790,789
791,211
791,219
791,790
792,219
792,226
792,791
793,226
793,235
793,792
794,235
794,243
794,698
794,793
795,706
795,717
795,728
795,784
796,662
796,663
796,664
796,788
796,789
797,203
797,211
797,660
797,662
797,789
797,790
797,796
798,300
798,301
798,304
798,305
798,591
798,592
800,304
800,305
800,309
800,310
800,798
801,798
801,800
802,309
802,310
802,313
802,314
802,318
802,799
802,800
802,801
803,799
803,801
803,802
804,313
804,802
805,313
805,802
805,803
805,804
806,717
806,728
806,739
806,795
807,802
807,803
807,805
808,313
808,314
808,318
808,322
808,802
809,802
809,808
810,799
810,802
810,803
810,809
811,318
811,322
811,326
811,808
811,809
812,808
812,809
812,811
813,322
813,326
813,331
813,811
813,812
814,811
814,812
814,813
815,326
815,331
815,335
815,813
815,814
816,813
816,814
816,815
817,728
817,739
817,806
818,292
818,335
818,815
819,285
819,292
819,815
819,816
819,818
820,277
820,285
820,816
820,819
821,300
821,301
821,304
821,305
821,400
821,401
823,304
823,305
823,309
823,310
823,821
824,821
824,823
825,309
825,310
825,313
825,314
825,318
825,804
825,822
825,823
825,824
826,822
826,824
826,825
827,313
827,804
827,825
827,826
828,750
828,761
829,825
829,826
829,827
830,313
830,314
830,318
830,322
830,825
831,825
831,830
832,822
832,825
832,826
832,831
833,318
833,322
833,326
833,830
833,831
834,830
834,831
834,833
835,322
835,326
835,331
835,833
835,834
836,833
836,834
836,835
837,326
837,331
837,335
837,835
837,836
838,835
838,836
838,837
839,750
839,761
839,772
839,828
840,0
840,335
840,837
841,0
841,672
841,837
841,838
841,840
842,672
842,51
842,838
842,841
843,400
843,401
843,404
843,405
843,821
843,824
844,404
844,405
844,409
844,410
844,413
844,822
844,824
844,826
844,829
844,843
845,409
845,844
846,409
846,826
846,829
846,844
846,845
847,409
847,410
847,413
847,418
847,844
848,844
848,847
849,822
849,826
849,844
849,848
850,761
850,772
850,784
850,839
851,413
851,418
851,422
851,847
851,848
852,847
852,848
852,851
853,418
853,422
853,426
853,851
853,852
854,851
854,852
854,853
855,422
855,426
855,431
855,853
855,854
856,853
856,854
856,855
857,828
857,431
857,855
858,750
858,828
858,855
858,856
858,857
859,673
859,750
859,856
859,858
860,300
860,301
860,400
860,401
860,496
860,497
861,772
861,784
861,795
861,850
863,400
863,401
863,404
863,405
863,860
864,860
864,863
865,404
865,405
865,409
865,410
865,413
865,845
865,862
865,863
865,864
866,862
866,864
866,865
867,409
867,845
867,865
867,866
868,865
868,866
868,867
869,409
869,410
869,413
869,418
869,865
870,865
870,869
871,862
871,865
871,866
871,870
872,784
872,795
872,806
872,861
873,413
873,418
873,422
873,869
873,870
874,869
874,870
874,873
875,418
875,422
875,426
875,873
875,874
876,873
876,874
876,875
877,422
877,426
877,431
877,875
877,876
878,875
878,876
878,877
879,906
879,431
879,877
880,906
880,983
880,877
880,878
880,879
881,983
881,13
881,878
881,880
882,496
882,497
882,500
882,501
882,860
882,864
883,795
883,806
883,817
883,872
884,500
884,501
884,504
884,505
884,509
884,862
884,864
884,866
884,868
884,882
885,504
885,884
886,504
886,866
886,868
886,884
886,885
887,504
887,505
887,509
887,513
887,884
888,884
888,887
889,862
889,866
889,884
889,888
890,509
890,513
890,518
890,887
890,888
891,887
891,888
891,890
892,513
892,518
892,522
892,890
892,891
893,890
893,891
893,892
894,1
894,117
894,228
894,783
895,806
895,817
895,883
896,518
896,522
896,526
896,892
896,893
897,892
897,893
897,896
898,90
898,526
898,896
899,82
899,90
899,896
899,897
899,898
900,75
900,82
900,897
900,899
901,300
901,301
901,496
901,497
901,591
901,592
903,496
903,497
903,500
903,501
903,901
904,901
904,903
905,500
905,501
905,504
905,505
905,509
905,885
905,902
905,903
905,904
907,902
907,904
907,905
908,504
908,885
908,905
908,907
909,905
909,907
909,908
910,504
910,505
910,509
910,513
910,905
911,905
911,910
912,902
912,905
912,907
912,911
913,509
913,513
913,518
913,910
913,911
914,910
914,911
914,913
915,513
915,518
915,522
915,913
915,914
916,913
916,914
916,915
917,906
918,518
918,522
918,526
918,915
918,916
919,915
919,916
919,918
920,98
920,526
920,918
921,98
921,105
921,918
921,919
921,920
922,105
922,113
922,919
922,921
923,591
923,592
923,596
923,597
923,901
923,904
924,596
924,597
924,600
924,601
924,604
924,902
924,904
924,907
924,909
924,923
925,600
925,924
926,600
926,907
926,909
926,924
926,925
927,600
927,601
927,604
927,609
927,924
928,917
929,924
929,927
930,902
930,907
930,924
930,929
931,604
931,609
931,613
931,927
931,929
932,927
932,929
932,931
933,609
933,613
933,618
933,931
933,932
934,931
934,932
934,933
935,613
935,618
935,622
935,933
935,934
936,933
936,934
936,935
937,191
937,622
937,935
938,183
938,191
938,935
938,936
938,937
939,928
940,176
940,183
940,936
940,938
941,591
941,592
941,596
941,597
941,798
941,801
942,596
942,597
942,600
942,601
942,604
942,799
942,801
942,803
942,807
942,925
942,941
943,600
943,803
943,807
943,925
943,942
944,600
944,601
944,604
944,609
944,942
945,942
945,944
946,799
946,803
946,942
946,945
947,604
947,609
947,613
947,944
947,945
948,944
948,945
948,947
949,609
949,613
949,618
949,947
949,948
950,939
951,947
951,948
951,949
952,613
952,618
952,622
952,949
952,951
953,949
953,951
953,952
954,199
954,622
954,952
955,199
955,207
955,952
955,953
955,954
956,207
956,214
956,953
956,955
957,303
957,308
957,403
957,499
957,594
958,300
958,301
958,302
958,304
958,305
958,307
958,591
958,592
958,593
958,798
958,800
958,801
958,941
959,301
959,302
959,303
959,305
959,307
959,308
959,592
959,593
959,594
959,958
960,302
960,303
960,307
960,308
960,593
960,594
960,957
960,959
961,950
962,304
962,305
962,307
962,309
962,310
962,311
962,314
962,798
962,800
962,801
962,802
962,958
962,959
963,305
963,307
963,308
963,310
963,311
963,314
963,958
963,959
963,960
963,962
964,798
964,800
964,801
964,802
964,803
964,941
964,942
964,958
964,959
964,962
964,963
965,958
965,959
965,960
965,962
965,963
965,964
966,309
966,310
966,311
966,313
966,314
966,318
966,800
966,801
966,802
966,803
966,808
966,809
966,810
966,962
966,963
966,964
966,965
967,799
967,801
967,802
967,803
967,810
967,942
967,946
967,962
967,963
967,964
967,965
967,966
968,300
968,301
968,302
968,304
968,305
968,307
968,400
968,401
968,402
968,821
968,823
968,824
968,843
969,301
969,302
969,303
969,305
969,307
969,308
969,401
969,402
969,403
969,968
970,302
970,303
970,307
970,308
970,402
970,403
970,957
970,969
971,304
971,305
971,307
971,309
971,310
971,311
971,314
971,821
971,823
971,824
971,825
971,968
971,969
972,961
973,305
973,307
973,308
973,310
973,311
973,314
973,968
973,969
973,970
973,971
974,821
974,823
974,824
974,825
974,826
974,843
974,844
974,968
974,969
974,971
974,973
975,968
975,969
975,970
975,971
975,973
975,974
976,309
976,310
976,311
976,313
976,314
976,318
976,823
976,824
976,825
976,826
976,830
976,831
976,832
976,971
976,973
976,974
976,975
977,822
977,824
977,825
977,826
977,832
977,844
977,849
977,971
977,973
977,974
977,975
977,976
978,400
978,401
978,402
978,404
978,405
978,407
978,410
978,821
978,824
978,843
978,844
978,968
978,969
978,974
978,975
978,977
979,401
979,402
979,403
979,405
979,407
979,410
979,968
979,969
979,970
979,974
979,975
979,977
979,978
980,404
980,405
980,407
980,409
980,410
980,413
980,824
980,826
980,843
980,844
980,847
980,848
980,849
980,974
980,975
980,977
980,978
980,979
981,300
981,301
981,302
981,400
981,401
981,402
981,496
981,497
981,498
981,860
981,863
981,864
981,882
982,301
982,302
982,303
982,401
982,402
982,403
982,497
982,498
982,499
982,981
983,906
983,917
984,302
984,303
984,402
984,403
984,498
984,499
984,957
984,982
985,400
985,401
985,402
985,404
985,405
985,407
985,410
985,860
985,863
985,864
985,865
985,981
985,982
986,401
986,402
986,403
986,405
986,407
986,410
986,981
986,982
986,984
986,985
987,860
987,863
987,864
987,865
987,866
987,882
987,884
987,981
987,982
987,985
987,986
988,981
988,982
988,984
988,985
988,986
988,987
989,404
989,405
989,407
989,409
989,410
989,413
989,863
989,864
989,865
989,866
989,869
989,870
989,871
989,985
989,986
989,987
989,988
990,862
990,864
990,865
990,866
990,871
990,884
990,889
990,985
990,986
990,987
990,988
990,989
991,496
991,497
991,498
991,500
991,501
991,502
991,505
991,860
991,864
991,882
991,884
991,981
991,982
991,987
991,988
991,990
992,497
992,498
992,499
992,501
992,502
992,505
992,981
992,982
992,984
992,987
992,988
992,990
992,991
993,500
993,501
993,502
993,504
993,505
993,509
993,864
993,866
993,882
993,884
993,887
993,888
993,889
993,987
993,988
993,990
993,991
993,992
994,906
994,917
994,928
994,983
995,300
995,301
995,302
995,496
995,497
995,498
995,591
995,592
995,593
995,901
995,903
995,904
995,923
996,301
996,302
996,303
996,497
996,498
996,499
996,592
996,593
996,594
996,995
997,302
997,303
997,498
997,499
997,593
997,594
997,957
997,996
998,496
998,497
998,498
998,500
998,501
998,502
998,505
998,901
998,903
998,904
998,905
998,995
998,996
999,497
999,498
999,499
999,501
999,502
999,505
999,995
999,996
999,997
999,998
1000,901
1000,903
1000,904
1000,905
1000,907
1000,923
1000,924
1000,995
1000,996
1000,998
1000,999
1001,995
1001,996
1001,997
1001,998
1001,999
1001,1000
1002,500
1002,501
1002,502
1002,504
1002,505
1002,509
1002,903
1002,904
1002,905
1002,907
1002,910
1002,911
1002,912
1002,998
1002,999
1002,1000
1002,1001
1003,902
1003,904
1003,905
1003,907
1003,912
1003,924
1003,930
1003,998
1003,999
1003,1000
1003,1001
1003,1002
1004,591
1004,592
1004,593
1004,596
1004,597
1004,598
1004,601
1004,901
1004,904
1004,923
1004,924
1004,995
1004,996
1004,1000
1004,1001
1004,1003
