1,0
2,4830
3,4808
4,4939
4,4914
5,4858
5,4885
5,4892
6,4936
6,4887
7,4936
7,4937
7,4940
7,4913
8,4937
9,4870
10,4892
10,4935
10,5
11,4893
11,4935
11,10
12,4934
12,9
13,4871
13,4885
14,4808
15,4885
15,10
16,6
16,4
17,16
17,4914
17,4871
18,16
18,4889
18,10
18,11
18,12
19,4935
19,4940
20,4935
20,11
21,4916
22,4916
23,21
24,21
25,4808
26,22
27,22
28,8
29,8
30,28
31,28
32,29
33,29
35,34
36,25
37,34
39,38
40,38
41,38
41,39
42,40
42,35
44,43
45,43
46,43
47,4808
48,43
48,45
48,469
50,49
51,49
51,48
52,49
52,1046
53,49
53,48
54,50
55,435
55,50
56,48
56,50
57,42
58,1557
59,42
60,57
61,57
63,62
64,62
65,62
65,35
66,62
66,63
67,63
68,41
68,63
68,66
69,58
69,4597
70,1669
70,61
70,65
70,67
71,469
71,67
72,60
74,73
75,73
76,73
77,73
78,73
79,74
79,75
80,58
81,74
82,74
83,75
84,75
85,79
85,83
86,79
86,65
87,79
89,88
89,458
89,469
90,88
90,46
92,88
92,48
93,88
93,48
94,46
94,88
95,89
96,46
96,89
97,45
98,95
99,51
100,51
100,54
101,61
102,4334
102,91
103,81
103,101
104,65
104,101
104,103
106,105
106,97
107,105
107,702
108,458
109,108
109,96
110,108
111,76
112,106
112,1669
114,4001
115,41
115,97
115,106
117,116
117,70
118,65
118,85
118,87
118,111
118,116
118,82
119,1669
119,70
119,117
120,83
121,65
121,85
122,97
123,92
123,93
124,123
126,90
126,109
127,84
127,78
128,77
129,128
129,103
129,77
130,435
131,130
132,100
132,1046
133,132
134,53
135,46
136,125
137,135
137,110
138,135
138,137
139,107
140,59
141,129
141,84
142,59
143,120
144,143
144,65
145,64
145,118
146,115
146,66
147,125
148,65
149,65
150,65
151,54
153,152
153,124
153,48
154,152
154,48
155,124
155,153
155,154
156,115
157,92
157,93
157,154
157,155
158,446
158,125
159,118
160,458
161,458
162,458
163,458
164,458
165,447
165,458
166,124
166,469
167,161
168,84
168,104
169,4420
170,138
170,94
171,170
173,172
174,172
175,172
176,172
177,172
178,173
178,174
180,3112
181,179
181,3323
182,179
183,179
184,179
185,179
187,3323
187,186
188,181
190,189
191,180
192,189
193,189
195,194
196,194
197,194
198,195
198,196
200,199
201,199
202,446
203,199
203,201
204,199
205,199
206,199
207,199
208,200
209,200
211,210
212,210
213,202
214,210
216,215
217,215
218,215
219,215
220,215
221,215
222,215
223,216
223,217
224,113
225,147
226,216
228,227
229,227
230,227
230,229
231,228
232,231
233,231
235,234
236,225
237,226
238,237
239,237
240,237
240,239
241,237
243,242
243,230
244,242
246,245
246,203
247,225
248,245
249,245
250,235
251,250
252,250
253,250
255,254
256,254
257,254
258,147
258,225
259,235
260,259
262,261
262,188
263,261
264,261
265,261
266,261
267,261
268,262
268,263
268,188
269,446
269,225
269,236
269,247
270,262
271,263
271,188
272,263
273,263
274,263
274,265
275,268
276,256
277,276
277,256
278,276
279,271
280,4564
281,271
282,271
282,279
283,271
284,271
285,264
285,271
286,188
287,188
287,229
287,281
288,4833
288,188
289,3323
289,188
290,187
290,188
291,280
291,4334
291,102
291,4431
292,188
292,287
293,286
295,294
296,294
296,256
297,294
298,294
298,297
299,295
299,3035
300,256
300,295
301,296
301,297
302,4453
303,296
304,296
305,296
305,301
306,270
307,306
308,306
309,270
310,270
310,288
311,260
311,243
312,260
313,302
314,260
315,260
316,260
317,260
318,260
320,319
321,319
322,319
323,319
324,4631
324,313
324,4664
324,4819
325,319
326,319
327,320
327,321
328,320
330,329
331,329
332,329
333,329
334,329
336,1446
336,1668
337,330
338,330
339,278
340,339
341,339
342,339
343,339
344,339
346,345
346,337
347,1446
348,345
349,345
350,345
351,345
352,346
353,346
354,346
355,346
356,346
357,346
357,332
359,346
360,346
361,352
361,353
362,239
362,352
362,226
362,241
363,239
363,352
364,279
366,365
367,365
368,365
369,358
369,4742
371,370
371,241
373,372
374,372
376,375
378,377
379,377
380,369
381,197
382,381
383,381
384,198
384,376
385,198
385,376
386,376
386,360
387,376
389,388
390,388
391,369
392,340
392,388
393,388
394,388
395,300
395,388
396,3323
397,396
398,3323
399,397
400,182
400,399
402,4742
403,401
404,403
405,403
406,226
406,241
407,406
407,362
408,4843
409,4843
410,4393
412,411
414,411
414,288
414,275
415,412
416,331
417,416
417,221
418,249
419,418
420,407
421,407
421,420
421,410
422,223
422,420
423,420
424,4742
424,413
426,425
427,425
428,425
429,357
430,429
431,429
433,229
433,432
434,322
434,432
435,369
436,432
437,426
438,426
439,353
440,353
442,204
442,441
443,441
444,441
444,443
445,441
445,178
446,335
447,369
448,441
449,441
450,441
451,441
453,452
454,453
455,453
456,337
457,337
458,4742
460,459
461,348
462,348
464,463
465,464
465,287
466,465
467,465
468,465
469,4742
470,287
470,464
470,239
471,3035
471,464
472,464
474,473
474,405
475,473
476,474
477,322
478,477
479,477
479,478
479,322
480,4742
481,477
481,322
482,321
482,477
482,479
482,328
482,326
484,229
484,483
484,4447
484,449
484,434
485,479
485,483
485,328
486,483
486,484
488,487
489,487
491,424
492,490
493,4826
493,490
494,490
495,492
496,492
497,492
497,495
499,498
499,4385
499,373
500,498
501,498
503,229
503,233
504,503
505,503
506,503
507,229
507,433
508,182
509,495
510,404
511,510
512,510
513,502
514,510
515,404
517,516
517,390
518,342
518,516
519,516
519,517
520,516
521,281
522,281
523,281
524,502
525,287
526,287
527,243
527,287
528,287
529,470
529,472
530,484
531,209
531,530
531,529
532,484
532,531
533,484
533,4447
534,4447
534,484
534,390
534,328
537,444
537,536
538,486
538,449
538,434
539,538
539,486
540,445
540,538
540,434
541,538
543,542
544,512
544,542
545,4446
545,533
546,535
546,169
547,299
548,299
548,301
550,549
551,549
553,552
553,217
554,552
555,543
556,338
558,535
560,559
561,267
561,559
562,559
563,389
564,389
564,392
565,553
566,217
567,217
568,312
569,535
569,558
571,570
571,433
571,472
572,570
573,571
575,574
576,4224
576,230
576,574
578,577
579,577
579,575
580,546
580,4398
581,577
582,578
584,583
585,583
585,293
586,584
587,585
589,588
590,579
590,588
591,4564
592,267
592,588
593,466
594,593
595,593
595,522
596,593
597,593
598,593
599,218
599,338
600,218
600,599
601,534
601,545
602,513
603,601
604,366
605,322
605,366
605,325
606,322
606,366
607,506
608,607
609,608
610,4224
611,232
613,602
614,612
615,612
616,445
616,612
617,612
618,567
619,618
620,618
621,618
622,220
622,618
623,272
623,266
624,513
624,602
625,4833
625,496
626,460
627,273
627,292
627,560
628,235
628,499
629,235
630,235
631,235
632,235
633,235
634,235
635,602
636,235
637,235
637,316
638,331
639,4761
639,4844
639,4845
639,293
640,626
640,267
640,627
641,566
642,641
643,564
645,644
646,613
646,47
647,644
648,644
649,644
650,645
650,243
650,359
651,642
652,651
653,515
653,642
653,422
654,642
654,653
655,511
656,430
657,4930
657,613
658,430
658,431
659,430
660,386
660,430
661,407
661,410
662,333
662,407
663,230
663,239
663,529
664,504
664,572
665,614
666,4257
666,489
667,355
667,499
668,557
669,191
670,509
671,670
671,288
672,623
672,267
673,587
673,4403
673,309
673,575
674,587
676,675
677,568
677,675
678,675
679,667
680,669
681,4833
681,293
682,4833
683,497
685,684
685,630
686,636
687,362
688,208
689,688
689,198
689,206
690,437
690,688
690,205
691,680
691,36
691,3779
692,688
693,688
694,208
694,226
694,363
696,695
697,183
697,696
699,698
699,445
700,698
700,616
701,698
702,691
703,698
704,698
705,698
705,703
706,405
706,421
707,321
707,517
707,482
708,321
708,517
708,520
709,321
709,708
710,327
711,707
711,534
711,393
712,479
712,482
712,707
713,291
714,219
714,226
715,219
716,219
717,476
718,717
719,476
720,454
720,505
721,720
722,720
723,307
724,713
724,4564
725,204
726,198
726,725
727,725
728,671
729,671
730,729
731,671
732,589
733,656
734,386
734,656
735,2668
737,736
737,674
737,240
738,4403
739,738
739,586
740,579
740,738
741,579
741,738
742,515
742,652
743,742
743,554
744,655
744,742
745,515
745,742
746,4398
746,4431
747,652
747,742
747,744
748,204
748,727
749,674
750,240
751,240
752,706
753,214
753,706
754,421
755,534
756,534
756,545
757,102
758,534
759,482
759,534
759,545
760,534
761,471
761,531
761,755
762,277
762,300
763,277
764,277
765,277
765,764
766,226
766,338
767,220
768,757
769,767
770,756
771,356
771,488
771,719
771,333
772,356
774,773
774,443
774,448
776,775
777,775
778,504
779,557
780,446
781,778
781,504
782,778
783,778
784,357
784,363
785,357
785,437
786,357
787,357
788,499
789,501
789,788
790,788
791,780
792,499
792,751
792,241
793,499
794,499
795,499
796,243
796,609
796,315
797,647
797,796
798,611
798,796
799,243
799,387
800,243
800,526
801,243
802,446
803,243
804,243
805,478
805,479
807,806
808,807
809,807
810,332
811,471
812,811
813,446
813,213
814,390
814,811
814,393
815,812
815,392
816,309
816,586
817,816
817,590
818,816
819,816
820,444
821,609
822,300
822,392
823,822
824,446
825,288
826,288
826,682
827,479
828,550
829,828
830,594
831,594
832,594
833,445
834,833
834,367
835,580
836,833
837,833
838,833
838,836
839,445
839,209
840,445
840,528
841,368
841,834
842,363
842,386
843,314
844,843
845,265
846,2112
846,4597
846,4675
847,265
847,275
847,190
848,799
849,848
850,648
850,848
851,209
851,368
852,178
852,209
853,209
854,209
855,694
855,785
855,437
857,2112
858,856
858,333
859,719
859,661
860,310
860,847
860,409
861,408
861,860
862,860
862,308
863,803
863,230
864,863
865,859
866,865
867,615
867,665
868,2112
868,47
869,845
869,847
870,627
870,672
871,800
871,611
872,871
872,776
872,844
872,721
873,740
874,866
875,874
876,804
877,801
878,486
878,531
879,868
880,678
881,251
881,880
882,880
883,732
884,689
885,781
886,526
886,777
887,433
888,433
888,782
888,455
889,782
889,888
889,783
892,433
892,758
893,619
894,196
895,196
896,198
896,795
897,198
898,333
899,4385
900,289
900,193
901,630
902,891
903,901
903,751
904,901
905,456
907,906
908,906
909,527
909,776
910,872
911,338
912,338
913,136
913,147
913,891
914,338
914,794
915,256
915,764
916,437
917,437
918,384
918,894
919,385
919,894
920,894
921,448
922,340
923,340
924,4564
925,340
926,340
927,340
928,340
929,340
930,340
931,392
931,467
932,392
932,468
933,393
934,709
935,4564
936,709
937,709
937,323
938,539
939,539
939,541
940,367
940,539
941,883
941,551
942,322
942,367
943,690
944,690
945,481
946,924
947,454
948,454
948,829
949,267
951,950
951,726
952,486
953,461
953,351
954,461
955,461
956,427
957,946
958,956
959,956
959,419
960,956
961,715
961,911
962,961
963,282
964,803
964,821
965,230
966,230
966,804
967,230
968,69
969,818
969,723
970,251
971,631
971,581
972,971
973,576
973,500
974,576
974,972
975,973
976,844
977,844
978,573
979,4609
980,573
981,980
982,715
983,715
984,721
985,568
985,244
986,568
986,317
987,568
988,568
989,322
990,3446
991,175
991,177
992,175
992,837
993,382
993,954
995,994
995,912
996,994
996,905
998,997
999,997
1000,211
1001,890
1002,990
1002,114
1003,1000
1004,995
1005,995
1005,905
1006,995
1007,995
1008,995
1010,1009
1011,1009
1011,884
1012,457
1013,990
1013,324
1013,4819
1014,1012
1016,1015
1017,1015
1017,734
1017,660
1018,222
1019,222
1020,222
1021,222
1022,222
1023,222
1024,4642
1025,222
1026,222
1028,1027
1028,772
1029,1027
1031,1030
1032,1030
1033,248
1034,620
1035,36
1035,458
1036,1034
1037,620
1037,1034
1038,701
1038,838
1039,958
1040,207
1041,207
1042,676
1042,649
1043,252
1043,790
1044,1021
1045,998
1045,1019
1045,1044
1045,716
1046,1035
1047,334
1048,334
1049,1047
1050,1047
1051,998
1053,1052
1054,1052
1055,373
1056,374
1057,4609
1057,80
1058,1056
1060,1059
1061,1059
1061,1060
1062,1059
1063,394
1064,394
1065,394
1066,394
1066,1064
1066,1065
1067,394
1067,1064
1068,491
1069,394
1069,1063
1069,1066
1070,1039
1071,1070
1071,905
1072,703
1073,981
1073,831
1074,1063
1074,603
1074,1067
1075,770
1075,1074
1077,1076
1077,893
1078,1076
1079,1668
1079,491
1079,879
1079,1068
1080,457
1080,905
1081,718
1082,1081
1084,1083
1085,1018
1085,1083
1086,920
1087,383
1087,920
1088,786
1088,787
1089,1088
1090,491
1091,1088
1091,917
1092,810
1092,1089
1092,1049
1093,1089
1095,1094
1096,1094
1097,916
1097,1091
1097,1094
1099,1098
1099,748
1100,1098
1101,136
1101,902
1102,1098
1103,428
1103,692
1104,428
1105,428
1105,1104
1106,1053
1107,1100
1108,1107
1108,727
1110,197
1110,1109
1111,1109
1112,0
1113,1001
1114,136
1114,824
1115,431
1115,786
1116,431
1117,1033
1118,1117
1119,1117
1120,1118
1121,939
1121,952
1122,1121
1123,212
1124,176
1125,558
1125,879
1126,1124
1127,451
1128,451
1128,1127
1129,450
1130,457
1130,1049
1130,1050
1131,457
1132,1130
1133,1130
1134,184
1134,562
1135,704
1135,705
1135,1072
1136,1125
1137,1119
1138,808
1138,185
1139,283
1139,809
1141,1140
1142,1016
1142,1140
1143,1102
1143,1140
1145,350
1145,1144
1146,1144
1146,1029
1149,1148
1150,1148
1150,318
1151,1149
1152,508
1153,1152
1155,1154
1155,621
1156,1154
1157,620
1157,1156
1158,1147
1158,1668
1159,1103
1160,1132
1160,1159
1161,991
1162,991
1163,632
1164,541
1164,1122
1164,952
1165,541
1166,523
1167,1166
1167,284
1169,1068
1170,1006
1170,1168
1171,638
1171,1168
1173,1172
1173,1010
1174,1172
1174,1017
1175,1018
1176,1018
1177,1018
1177,999
1178,1032
1178,1122
1178,939
1180,1068
1181,617
1181,1179
1181,838
1182,1181
1183,716
1184,1183
1185,475
1185,1123
1186,582
1187,1186
1187,974
1188,1132
1188,1104
1189,1188
1189,916
1189,917
1190,1071
1190,1132
1191,1068
1191,1090
1192,748
1192,1137
1194,1193
1194,1177
1195,1045
1195,1193
1196,1023
1197,1196
1197,1022
1198,1019
1199,1198
1199,1176
1201,1200
1201,769
1203,1200
1204,769
1205,617
1205,1181
1207,1206
1207,827
1208,315
1209,1208
1210,733
1211,1210
1212,598
1213,1202
1213,4597
1214,1212
1215,1126
1215,837
1217,633
1217,1216
1218,1045
1219,617
1220,617
1220,1072
1221,620
1222,1060
1222,786
1223,1222
1223,787
1224,1001
1225,1013
1225,114
1225,4897
1226,692
1226,1131
1228,1227
1229,716
1229,1227
1230,987
1231,983
1232,692
1233,1232
1233,960
1234,1146
1236,324
1236,1225
1237,1235
1237,1170
1238,1170
1238,1235
1239,972
1240,1239
1241,638
1241,1008
1242,638
1243,893
1244,1036
1244,1243
1245,1031
1246,316
1247,879
1248,1221
1250,1249
1251,1249
1251,1192
1252,1077
1252,1078
1253,341
1253,783
1254,462
1255,521
1255,830
1256,658
1256,787
1256,1116
1257,658
1258,879
1259,659
1259,1257
1260,659
1261,884
1261,1096
1262,1250
1262,1261
1263,1007
1264,1211
1264,1010
1265,1211
1265,1095
1266,1211
1266,1260
1267,1149
1268,1248
1269,879
1271,1175
1271,1270
1272,1270
1273,1270
1273,1272
1274,1175
1275,938
1275,1245
1276,1275
1277,1275
1278,501
1278,899
1279,1199
1280,879
1281,1259
1281,1062
1282,1120
1282,1129
1282,1162
1283,954
1284,954
1284,1283
1285,679
1287,1022
1287,1286
1288,1279
1289,1288
1290,1184
1290,1084
1291,879
1292,1218
1292,1263
1293,692
1294,692
1294,897
1294,1143
1295,1234
1296,1010
1296,1141
1297,907
1297,192
1298,1268
1299,716
1299,1289
1300,1272
1301,1272
1302,4431
1303,600
1303,1170
1304,730
1305,1120
1306,752
1307,983
1308,1228
1308,1307
1309,770
1309,1075
1310,974
1310,1187
1311,895
1312,1240
1313,291
1314,810
1315,921
1316,378
1316,1304
1317,823
1318,823
1318,926
1319,823
1320,1246
1321,415
1321,731
1321,908
1322,964
1323,864
1323,1322
1323,964
1324,1024
1325,1226
1326,1160
1327,1326
1327,944
1328,1326
1328,943
1329,974
1329,1278
1329,1310
1330,952
1331,945
1331,1330
1332,864
1333,867
1334,1333
1335,1224
1336,935
1336,1324
1337,1290
1337,1085
1338,849
1339,1209
1340,1298
1340,982
1341,984
1341,977
1342,1260
1342,1257
1343,705
1344,905
1344,1048
1345,379
1345,1321
1346,1321
1347,4464
1347,1013
1348,1334
1349,1341
1350,964
1350,1332
1351,1256
1351,944
1352,1095
1352,1256
1352,1097
1353,1051
1353,1289
1354,933
1355,344
1355,933
1356,933
1356,1355
1357,933
1358,524
1359,933
1360,933
1361,1250
1361,1294
1362,972
1362,1312
1363,1362
1364,882
1364,988
1365,494
1366,1093
1367,963
1368,1367
1369,1358
1370,983
1370,1340
1371,1054
1371,1085
1372,1054
1373,964
1373,1338
1374,963
1375,1133
1376,285
1377,1273
1378,832
1379,1351
1379,917
1379,1097
1380,1358
1381,925
1382,343
1382,927
1382,1381
1383,1354
1384,753
1385,1384
1386,1325
1387,1356
1387,1359
1387,1360
1388,923
1388,1317
1388,1319
1389,303
1390,303
1391,4498
1391,4609
1391,1668
1392,922
1392,1388
1392,928
1393,1355
1394,1393
1394,1383
1395,1383
1395,1393
1395,1357
1396,1394
1396,1382
1397,930
1398,929
1398,1397
1399,297
1399,304
1400,1026
1401,1375
1401,1314
1402,1391
1402,768
1402,4842
1403,1366
1403,1401
1404,1331
1404,952
1405,1325
1405,1366
1406,943
1406,1096
1407,1331
1408,1403
1409,1274
1410,305
1411,305
1412,1372
1412,1274
1413,1391
1413,4908
1413,657
1414,1399
1415,765
1416,765
1417,1370
1418,1343
1418,1277
1419,537
1420,693
1421,760
1423,1422
1424,1391
1425,967
1425,1422
1426,1423
1426,710
1428,1427
1429,1427
1431,1430
1433,1432
1434,1432
1435,1402
1437,1436
1438,1436
1439,1428
1439,1429
1439,3979
1439,3802
1441,1440
1442,1440
1444,4057
1444,1443
1445,1443
1446,1224
1447,4531
1447,1002
1449,1448
1450,1448
1452,1451
1453,1451
1455,1453
1455,1454
1456,4057
1456,1454
1457,1433
1458,1013
1459,1433
1459,1457
1460,1457
1460,1459
1461,1457
1461,1460
1463,3935
1463,1462
1464,3935
1465,1464
1465,3935
1465,1463
1466,1464
1467,1464
1468,1464
1469,1013
1470,1464
1471,1464
1472,1464
1472,1470
1473,1464
1473,1466
1473,1468
1474,1465
1475,1465
1475,1474
1475,3990
1476,1465
1477,3935
1477,4508
1478,3935
1478,1431
1478,1477
1479,1474
1480,324
1482,1481
1482,1475
1483,1481
1485,1484
1487,1486
1488,1482
1488,1486
1489,1485
1490,1487
1490,1444
1491,4675
1491,1458
1492,4057
1492,1449
1494,1493
1495,1493
1496,1493
1497,1489
1498,1477
1499,1477
1499,1498
1500,1477
1500,1478
1501,1477
1501,1478
1502,4819
1502,1101
1503,1477
1503,1499
1505,1504
1505,1441
1506,1505
1507,1505
1508,1505
1508,1503
1510,1509
1511,1509
1513,4930
1514,1512
1515,1512
1517,1516
1518,1516
1519,1516
1520,1517
1520,1449
1520,1437
1521,1494
1521,1517
1522,1517
1522,1450
1522,1445
1523,1514
1524,1513
1525,1523
1527,1507
1527,1526
1528,1526
1530,1529
1531,1500
1531,1529
1531,1530
1532,1529
1534,1533
1535,4930
1536,1533
1537,1520
1538,1537
1539,1518
1539,1537
1540,1537
1540,1519
1541,1520
1542,1520
1543,1520
1544,1520
1545,1520
1545,1544
1546,646
1546,1380
1547,1543
1547,1455
1549,1548
1549,3802
1550,1548
1552,1551
1553,1551
1553,1501
1553,1532
1554,1534
1555,3802
1556,1555
1557,1224
1558,646
1559,1498
1560,1498
1561,1498
1562,4508
1562,4898
1562,1498
1563,1490
1564,3802
1565,1510
1565,1564
1566,1563
1567,1566
1567,1442
1568,4772
1569,635
1569,1558
1570,1568
1572,1571
1572,1431
1573,1571
1574,1571
1575,1571
1576,1571
1576,1575
1576,1431
1577,1572
1578,1572
1579,1570
1580,1369
1580,1558
1582,1581
1583,1582
1583,1556
1584,3802
1584,1583
1586,1585
1587,1585
1587,1552
1587,1508
1588,1459
1588,1508
1588,1585
1590,1589
1590,1475
1591,813
1592,1525
1592,1589
1593,1495
1593,4772
1595,3802
1595,4068
1595,1594
1596,1549
1597,3802
1598,3802
1599,1510
1600,1510
1600,1599
1600,3990
1600,1473
1601,1579
1601,1450
1602,1591
1602,3779
1603,1452
1603,1492
1604,1431
1605,1604
1605,1431
1606,1508
1606,1587
1608,1554
1608,1607
1609,1596
1609,1607
1610,1459
1610,1431
1611,1499
1612,1499
1613,1591
1614,1499
1614,480
1615,1556
1616,1615
1616,1556
1617,1584
1618,4821
1618,1597
1618,1584
1619,1536
1619,1554
1620,3746
1620,1473
1621,1530
1621,1578
1622,4508
1623,1553
1623,1459
1624,1602
1624,1079
1625,1475
1625,1515
1626,1475
1627,1475
1628,1475
1629,1514
1629,1592
1630,1514
1632,1501
1632,1553
1632,1631
1633,1553
1633,1531
1634,1553
1634,1531
1635,36
1636,1525
1636,1479
1636,1630
1637,1596
1638,1596
1638,1598
1639,1444
1639,1483
1640,1531
1641,1431
1641,1640
1643,1642
1643,1562
1644,1642
1645,1643
1646,36
1647,4507
1647,1645
1648,1431
1648,1531
1649,1522
1650,1470
1650,1471
1651,1497
1651,1643
1652,1643
1653,1652
1654,1638
1654,1550
1654,1536
1655,1431
1655,1476
1656,1431
1656,1476
1657,36
1657,269
1658,1431
1658,1434
1659,1431
1659,1461
1660,1450
1662,3990
1662,1600
1662,1661
1663,1441
1664,1461
1665,1461
1666,1496
1667,1496
1667,1545
1668,1224
1669,36
1669,702
1670,1496
1670,1438
1671,1496
1672,1496
1673,1496
1673,1671
1674,4772
1675,1528
1677,1676
1678,1676
1680,1569
1681,1679
1682,1681
1683,1681
1684,4449
1684,4452
1685,4449
1687,1686
1688,1686
1690,1689
1691,1569
1692,1689
1692,1690
1693,1689
1695,1694
1696,1694
1698,1697
1700,1699
1701,1699
1703,1700
1705,1704
1705,1692
1706,1704
1708,1707
1708,1692
1709,1707
1710,1707
1710,1692
1711,1707
1712,1707
1713,3779
1713,269
1713,1702
1714,1707
1715,1707
1716,1707
1717,1707
1717,1716
1718,1707
1719,1707
1720,1707
1722,1721
1722,1688
1723,1721
1724,968
1725,1721
1726,1708
1728,1727
1729,1728
1730,1728
1731,1728
1732,1728
1733,1728
1734,1728
1735,968
1736,1728
1737,1728
1738,1728
1739,1696
1739,1728
1740,1728
1741,4500
1742,291
1742,1741
1743,1741
1745,1744
1746,968
1747,1745
1748,1690
1748,1745
1749,1745
1750,1745
1752,1751
1753,1751
1754,1751
1755,1751
1756,1751
1756,1755
1757,569
1758,1753
1759,1692
1759,1758
1759,1755
1760,1758
1762,1761
1763,1748
1763,1761
1763,1750
1764,1761
1765,555
1766,555
1766,1765
1767,555
1768,835
1768,1757
1769,555
1769,1767
1770,1695
1771,1770
1772,1730
1773,1730
1775,1774
1776,1774
1777,1774
1778,1774
1778,1777
1779,1224
1780,1680
1781,1774
1781,1776
1783,1782
1784,1684
1784,1782
1785,1782
1787,1786
1787,1692
1788,1787
1788,1759
1789,1787
1791,735
1791,1780
1792,1790
1793,1790
1794,1790
1795,1790
1795,1793
1796,1696
1796,1792
1797,1765
1797,1796
1797,1682
1797,1696
1798,1765
1799,1765
1800,1765
1800,1769
1801,1797
1801,1696
1802,4886
1803,1797
1803,1696
1804,1682
1804,1797
1805,1797
1806,1797
1807,423
1807,1682
1807,1683
1808,1682
1809,1682
1809,1683
1811,1810
1811,1692
1811,1703
1813,524
1814,1812
1814,1740
1815,1814
1816,4451
1817,1816
1817,4451
1818,1816
1819,1816
1820,1777
1821,1820
1822,1820
1823,1820
1823,1821
1824,735
1825,1820
1825,1821
1825,1823
1826,1777
1827,1777
1828,1784
1829,1828
1829,1784
1830,1828
1831,1732
1831,1736
1832,1831
1833,1709
1834,1709
1834,1712
1835,1380
1835,1691
1836,1711
1837,1836
1837,1711
1837,1750
1838,1836
1840,1839
1841,1839
1842,1839
1843,1840
1843,1841
1843,1763
1844,1843
1844,1683
1844,1807
1844,1808
1845,1843
1845,1763
1846,1435
1847,1762
1847,1843
1848,1843
1849,1762
1849,1844
1850,1840
1851,1841
1851,1850
1853,1852
1854,1852
1854,1853
1856,1855
1856,1808
1857,1336
1858,1855
1859,1855
1860,1856
1861,1845
1863,1862
1864,1862
1865,1862
1866,1862
1867,1684
1869,1684
1870,1684
1870,1817
1871,1684
1872,4452
1872,1684
1873,1817
1873,4451
1874,1801
1875,1690
1875,1776
1876,1776
1876,1875
1877,1875
1878,1875
1878,1877
1879,1868
1880,1690
1881,1690
1882,1690
1883,1722
1884,1722
1884,1687
1885,1722
1886,1722
1886,1867
1886,1871
1888,1887
1889,1837
1890,1335
1890,1668
1891,1868
1892,1889
1893,1889
1894,1837
1895,1762
1895,1837
1896,1837
1897,1837
1898,1784
1898,1886
1899,1898
1900,1883
1901,1883
1902,1868
1903,1883
1904,1685
1904,1867
1905,1698
1906,1905
1907,1884
1907,1905
1908,1905
1909,1884
1909,1886
1911,1910
1911,1783
1912,1910
1912,1911
1914,1910
1916,1915
1917,1915
1917,1916
1918,1915
1919,1915
1920,1915
1920,1916
1920,1917
1921,1915
1922,1762
1922,1892
1922,1842
1923,1762
1924,1913
1925,1762
1926,1849
1927,1759
1928,1759
1928,1927
1929,1927
1930,1863
1930,1696
1931,1863
1932,1863
1932,1931
1933,1863
1935,1913
1936,1934
1936,1723
1936,1720
1937,1934
1938,1934
1940,1939
1940,1683
1941,1940
1942,1749
1942,1750
1943,1942
1944,1942
1946,1913
1947,1945
1948,1725
1948,1899
1948,1909
1949,1698
1950,1949
1950,1698
1950,1853
1951,1853
1951,1950
1952,1950
1953,1683
1954,1953
1955,1953
1956,1683
1957,1924
1958,1698
1959,1958
1959,4450
1959,1698
1960,1698
1960,1725
1960,1958
1960,1959
1961,1748
1962,1748
1963,1930
1963,1933
1964,1930
1964,1696
1965,1864
1965,1930
1966,1930
1967,1930
1968,1924
1969,1930
1970,1926
1971,1710
1971,1716
1973,1972
1974,1829
1975,1829
1976,1829
1976,1873
1977,1829
1978,1873
1978,1783
1979,1924
1979,1957
1980,1873
1981,1873
1981,1926
1981,1980
1982,1695
1982,1731
1982,1911
1982,1732
1983,1731
1984,1731
1984,1771
1984,1983
1985,1731
1985,1983
1985,1984
1986,1916
1987,1916
1988,1916
1988,1987
1989,1732
1989,1916
1989,1988
1991,1916
1991,1989
1992,1986
1993,1986
1994,1986
1994,1993
1995,423
1995,1981
1996,1959
1996,1886
1997,4450
1997,1871
1997,1959
1998,1959
1998,1996
1999,1959
1999,1996
2000,4450
2000,1959
2000,1997
2002,1990
2003,1698
2003,1959
2004,1996
2005,1996
2005,1888
2007,2006
2007,1719
2008,2007
2008,1885
2009,4452
2010,2009
2011,4452
2011,2009
2012,1911
2012,1978
2012,1980
2013,1990
2014,1911
2014,1783
2014,1784
2015,1911
2015,1912
2016,1911
2017,1911
2019,2018
2020,1880
2020,2019
2021,4450
2022,4450
2022,2021
2023,4450
2024,2002
2025,4450
2026,4450
2027,4450
2027,2021
2028,4451
2028,4554
2029,1912
2029,1987
2030,1912
2031,1912
2032,1912
2032,2029
2033,1695
2034,1695
2034,1696
2035,2002
2036,1695
2037,1695
2038,1695
2039,1695
2040,4452
2041,4452
2042,4452
2043,4452
2044,1978
2045,1978
2046,2002
2047,2014
2048,2014
2049,2014
2050,2014
2051,1783
2052,1847
2053,2030
2053,1983
2054,2053
2054,1832
2055,2053
2056,2053
2056,2030
2057,2002
2058,2053
2059,1982
2059,2053
2060,1982
2060,2053
2061,1982
2061,2053
2062,2030
2062,2053
2062,1989
2063,2053
2063,2055
2064,2053
2064,2058
2065,2053
2065,2055
2066,2053
2067,2030
2067,2053
2067,2062
2068,2002
2068,2024
2069,2016
2069,2017
2069,2053
2070,2053
2071,2053
2071,2069
2072,2053
2072,2055
2072,2069
2072,2070
2073,1982
2073,2033
2073,1771
2073,1963
2073,2039
2074,1982
2074,1714
2074,1715
2074,1881
2075,1734
2075,1982
2077,2076
2078,2076
2080,2076
2080,2077
2081,1763
2082,1763
2083,1788
2084,1784
2084,1886
2085,1784
2085,1899
2086,1784
2086,2085
2088,2087
2088,1975
2089,2074
2089,2087
2090,2079
2091,2087
2092,2087
2093,2004
2094,2004
2095,1805
2096,2095
2097,2095
2098,2095
2100,2099
2100,1804
2100,2098
2101,2079
2101,2090
2103,2102
2104,1804
2104,2103
2105,2104
2107,2106
2109,2108
2110,1804
2110,2109
2111,2110
2112,2001
2114,2111
2115,2073
2116,2115
2117,2115
2118,2115
2119,1772
2119,1963
2119,2115
2119,2116
2120,2115
2120,2116
2120,2119
2121,2115
2122,2115
2122,2121
2123,2073
2124,2113
2125,2073
2126,2073
2127,2073
2128,2073
2129,2073
2130,1963
2130,2073
2131,1776
2132,1776
2132,2131
2133,1711
2133,1961
2133,1894
2134,2133
2135,2113
2136,2133
2137,1705
2138,1917
2139,1880
2140,1732
2140,2074
2140,2062
2141,1692
2141,1777
2142,1726
2142,2141
2143,2141
2143,2142
2144,1777
2144,2141
2145,2141
2147,2141
2147,2145
2147,2083
2148,2141
2148,2145
2148,2147
2149,1692
2149,2141
2150,2141
2150,2147
2151,1777
2151,2141
2152,2141
2152,2143
2153,2141
2153,2142
2153,2143
2154,1711
2156,1973
2156,2155
2157,2146
2158,1703
2159,1804
2159,2107
2160,754
2160,1804
2161,754
2161,1980
2162,1698
2162,1960
2163,1732
2163,1989
2164,1732
2164,1989
2165,1732
2165,1992
2166,1809
2167,1974
2168,2157
2169,2074
2169,1882
2170,2169
2171,1759
2171,2161
2172,1759
2172,1755
2173,1980
2173,2161
2174,1980
2174,2074
2174,1926
2174,1815
2174,2125
2174,2126
2175,1980
2175,2074
2176,1716
2176,2174
2177,2174
2178,2074
2179,2168
2180,1928
2182,2181
2182,1834
2183,1926
2184,1926
2185,1964
2186,1749
2187,1749
2187,1947
2187,1973
2187,2156
2188,1696
2188,1773
2189,1696
2189,2145
2190,2168
2190,2124
2191,1696
2191,2173
2192,1712
2192,1971
2193,2064
2193,2088
2194,2077
2194,2078
2195,2077
2196,1936
2197,1714
2198,1715
2198,2170
2199,1750
2200,1750
2201,2168
2203,2202
2204,2202
2205,1853
2205,2008
2205,2085
2206,2008
2208,1861
2208,2207
2209,1733
2210,1733
2210,2177
2211,1874
2212,2168
2212,2201
2213,1723
2214,2182
2215,1961
2216,1892
2217,1892
2218,1842
2218,1893
2218,2216
2219,2216
2220,2216
2221,1842
2222,1842
2223,0
2224,2001
2224,1779
2225,2157
2226,1842
2227,1893
2228,2218
2228,2221
2229,2221
2230,2221
2231,2221
2232,2221
2233,2221
2234,2221
2235,2218
2237,2228
2238,2228
2239,2183
2239,2184
2240,2178
2241,1899
2241,1948
2242,2177
2243,2242
2244,1815
2245,1685
2245,1899
2245,1904
2245,2085
2246,1685
2246,2022
2247,2236
2248,1685
2249,1685
2249,2246
2250,1693
2251,1693
2252,2062
2252,1988
2252,1989
2253,2252
2253,2062
2254,2252
2254,2253
2255,2093
2257,2256
2258,2247
2259,2256
2260,1716
2260,1971
2261,1716
2262,1716
2262,2176
2263,1716
2263,2262
2264,1716
2264,2262
2264,2263
2265,1716
2265,2263
2266,1716
2266,2263
2266,2265
2267,1716
2267,2262
2267,2264
2268,1717
2269,2258
2270,4455
2271,4455
2272,2105
2273,1725
2273,1960
2274,1725
2274,1960
2274,2273
2275,1799
2276,2275
2276,1799
2276,1800
2277,2275
2278,2275
2279,2275
2279,2277
2280,2024
2280,2258
2280,2269
2281,2275
2281,2278
2282,1726
2283,2142
2285,2284
2286,1805
2288,2287
2289,2287
2289,2288
2290,4454
2291,2258
2291,2269
2292,4454
2292,2204
2293,1753
2294,2293
2295,2293
2296,1772
2297,1772
2297,1832
2297,2036
2297,2037
2297,2038
2297,2119
2298,1772
2299,1772
2299,2298
2300,1772
2300,2296
2301,1865
2302,2258
2302,2269
2302,2280
2302,2291
2303,1866
2305,2304
2305,2263
2305,2289
2306,2305
2306,2289
2307,2116
2308,2116
2308,2307
2309,2116
2310,2253
2311,1987
2311,2253
2311,2310
2312,1785
2313,2179
2313,2258
2313,2269
2314,1785
2315,1785
2316,1785
2317,2197
2318,1806
2319,1806
2319,2318
2320,1789
2320,2083
2321,1789
2322,1789
2323,1789
2323,2322
2324,1879
2325,1789
2325,2320
2326,1789
2326,2322
2326,2323
2327,1718
2328,1792
2329,2328
2330,1720
2331,1806
2332,1766
2332,1767
2332,1806
2332,2331
2333,2159
2334,1853
2335,668
2336,1879
2336,2324
2337,1853
2337,1899
2337,2334
2337,2085
2339,2172
2339,2338
2340,2338
2341,2338
2342,2338
2342,2339
2343,2064
2343,2193
2344,2343
2344,2064
2345,2343
2346,1777
2347,2324
2348,1777
2349,2145
2349,2148
2350,1793
2350,1794
2351,2350
2352,2350
2353,2350
2353,1793
2354,1793
2354,2277
2354,2350
2354,2353
2355,1793
2355,2350
2355,2352
2355,2353
2356,1993
2356,1994
2358,2324
2359,2276
2359,2357
2359,1769
2359,2278
2360,2357
2360,2359
2361,2357
2362,2021
2363,2021
2363,2022
2364,1687
2365,1688
2366,2125
2368,1864
2368,2367
2369,2324
2369,2347
2369,2358
2371,2370
2371,2019
2372,1864
2372,2368
2372,2353
2373,1864
2373,1965
2374,2372
2375,2245
2375,1869
2376,2010
2376,2042
2376,2245
2376,2026
2377,1899
2377,2085
2377,2245
2377,2376
2378,2245
2378,2376
2378,2377
2379,1869
2380,1879
2380,1979
2381,1870
2383,2382
2385,2384
2387,2386
2389,2388
2391,1879
2391,2347
2392,2390
2394,2393
2396,2395
2398,2397
2400,2399
2401,1899
2401,1977
2401,2337
2401,2085
2401,2205
2402,1879
2403,1904
2404,1906
2405,1907
2406,2276
2406,2359
2407,2406
2409,2278
2409,2408
2410,2295
2411,2410
2411,2295
2412,2294
2412,2411
2413,2380
2414,1769
2414,2359
2415,1931
2415,1932
2416,1931
2417,2319
2418,1767
2418,2319
2419,2319
2419,2418
2420,2126
2421,2277
2422,2277
2422,2354
2424,2024
2425,2423
2425,2023
2426,4455
2426,2423
2426,2425
2426,2023
2427,2423
2428,2425
2428,2426
2428,2246
2428,2022
2429,2425
2429,2426
2430,2023
2430,2425
2430,2426
2431,2425
2431,2426
2432,2425
2432,2426
2433,4455
2434,4455
2435,2424
2436,2426
2437,2203
2438,1976
2439,1965
2439,2373
2440,1966
2441,2412
2442,1971
2442,2192
2443,1971
2444,1971
2444,2443
2445,1767
2445,2418
2446,668
2447,2424
2447,2225
2448,1977
2449,1977
2450,1977
2450,2401
2451,2096
2452,2262
2452,2176
2453,2262
2453,2263
2453,2264
2454,2246
2454,2428
2454,2022
2455,1998
2456,1999
2457,2246
2458,2024
2458,2435
2458,1957
2459,4457
2460,4458
2461,4459
2462,4456
2463,2354
2463,2422
2464,2337
2465,2010
2465,2376
2466,2412
2467,2412
2468,2297
2469,2190
2469,2435
2469,1957
2470,2119
2470,2297
2470,2468
2471,2297
2471,2468
2471,2470
2472,2047
2472,2048
2472,2051
2472,2285
2473,2472
2474,2285
2474,2472
2475,2051
2475,2472
2476,2051
2476,2472
2476,2475
2477,2051
2477,2285
2477,2472
2477,2473
2478,2051
2478,2285
2478,2472
2478,2474
2479,2051
2479,2478
2481,2051
2482,2355
2483,2036
2484,2037
2485,2038
2486,1854
2487,1854
2488,1854
2488,2206
2488,2486
2489,2192
2491,2179
2491,2480
2492,2490
2494,2493
2495,2059
2496,2060
2497,2061
2498,1983
2499,2085
2499,2205
2499,2401
2500,2320
2501,2320
2501,2500
2502,2179
2503,2320
2503,2500
2503,2501
2504,2147
2505,2147
2505,2504
2506,2147
2506,2504
2506,2505
2507,2091
2507,2092
2508,2507
2509,1739
2510,2188
2511,2097
2512,2511
2513,2179
2513,2502
2514,2511
2515,2511
2515,2512
2516,2107
2517,2516
2518,2086
2519,2160
2520,2032
2521,2285
2522,2214
2523,2522
2524,2179
2524,2313
2525,1988
2525,1989
2527,2526
2528,2063
2529,2473
2530,2529
2531,2473
2531,2529
2532,2525
2533,2163
2534,2164
2535,2469
2536,1969
2537,2376
2537,2026
2538,2119
2539,2119
2539,2538
2540,2119
2541,2531
2542,2531
2543,1822
2544,1822
2545,1822
2546,2280
2546,2458
2546,2535
2546,1957
2547,2098
2548,2264
2549,4460
2550,2023
2551,2022
2552,2171
2553,2176
2554,2176
2554,2553
2555,2176
2556,2176
2556,2553
2556,2554
2557,668
2558,2502
2558,2535
2559,2176
2559,2555
2560,2175
2561,2180
2562,2130
2563,2185
2564,2189
2565,2191
2566,2418
2567,2193
2568,2193
2570,2197
2571,2445
2572,2445
2572,2571
2573,2292
2574,2205
2575,2204
2576,1740
2577,2505
2578,2196
2579,2196
2579,2578
2580,2569
2581,1799
2582,1960
2584,2583
2584,2134
2585,2273
2586,2273
2586,2585
2587,2360
2588,2360
2589,1894
2590,1895
2591,2569
2591,2013
2592,2257
2592,2394
2592,2259
2593,1933
2594,2593
2595,2069
2595,2072
2596,2069
2596,2595
2596,2072
2598,1865
2598,2385
2598,2597
2600,1866
2600,2396
2600,2599
2601,2377
2602,2569
2603,1794
2604,1967
2605,2604
2605,2398
2606,2494
2606,2592
2606,2604
2607,1969
2607,2492
2608,2607
2609,2505
2610,2069
2610,2596
2611,1985
2612,2611
2612,1985
2613,2569
2613,2602
2614,1985
2614,2611
2614,2612
2615,2389
2615,2527
2616,2615
2616,2608
2616,2400
2617,2608
2617,2383
2618,2617
2619,2605
2619,2387
2619,2392
2620,2069
2621,2620
2621,2069
2621,2596
2622,2503
2623,2503
2623,2622
2624,2569
2625,2488
2626,2477
2627,2026
2628,2505
2629,2026
2630,1773
2631,2177
2632,2075
2633,1985
2634,2122
2635,2580
2636,2311
2637,2183
2638,2184
2640,2639
2641,2639
2642,2639
2644,2643
2645,2643
2646,2580
2647,2643
2648,2643
2649,2644
2650,2644
2652,2651
2653,2651
2654,2651
2655,2651
2656,2651
2657,2580
2658,2652
2659,2652
2660,2652
2660,2658
2662,2661
2662,2649
2663,2661
2664,2662
2664,4497
2664,4608
2665,2662
2666,2662
2667,2662
2667,2664
2668,668
2669,2558
2669,2635
2671,2670
2672,2671
2673,2672
2674,2672
2676,2675
2677,2675
2678,2675
2680,2558
2680,2635
2681,2679
2682,2681
2683,2681
2685,2684
2685,2681
2687,2686
2688,2686
2689,2681
2689,2686
2690,2681
2690,2686
2692,2686
2693,2686
2694,2686
2696,2695
2697,2695
2698,2695
2699,2695
2700,2648
2700,2695
2701,2658
2702,2691
2703,2701
2704,2701
2705,2701
2706,2658
2707,2658
2708,2658
2709,2658
2710,2658
2712,2711
2712,2660
2712,2710
2712,2642
2713,2691
2714,2711
2715,2712
2716,2712
2717,2712
2717,2716
2718,2712
2719,2712
2719,2715
2720,2712
2721,2649
2722,2721
2723,2649
2724,2657
2726,2725
2727,2725
2728,2
2728,2725
2729,2725
2731,2730
2731,2716
2732,2730
2733,2730
2734,2730
2735,2724
2735,2657
2736,2730
2737,2685
2737,2730
2738,2731
2738,2694
2739,2731
2740,2731
2741,2731
2742,2692
2742,2731
2744,2743
2745,2743
2748,2747
2749,2747
2750,2747
2751,2747
2752,2747
2754,2753
2755,2753
2756,2753
2757,2746
2758,2753
2759,2753
2760,2715
2761,2715
2762,2715
2764,2763
2765,2763
2766,2763
2767,2763
2768,2646
2768,2602
2769,2764
2769,2723
2769,2720
2770,2764
2770,2673
2772,2771
2773,2771
2774,2653
2775,2659
2776,2760
2777,2776
2778,2776
2779,2446
2781,2717
2781,2760
2782,2760
2783,2664
2783,2738
2784,2664
2784,2718
2785,2664
2785,2687
2786,2641
2786,2664
2786,2693
2787,2664
2788,2769
2788,2697
2789,2788
2789,2699
2790,2788
2791,2780
2792,2769
2793,2767
2793,2769
2794,2660
2795,2655
2795,2794
2796,2677
2796,2705
2796,2794
2797,2660
2797,2772
2798,2645
2799,2645
2800,2716
2801,2716
2802,2791
2803,2678
2804,2803
2805,2803
2806,2803
2807,2803
2809,2808
2811,2810
2812,2772
2813,2135
2813,2469
2813,2791
2814,2772
2815,2814
2816,2814
2816,2797
2817,2772
2818,2750
2818,2751
2818,2
2819,2726
2819,2818
2820,2818
2820,2729
2821,2687
2821,2818
2822,2687
2822,2818
2823,2818
2825,2770
2826,2770
2827,2754
2828,2759
2828,2827
2829,2804
2830,2829
2831,2829
2832,2829
2833,2829
2834,2829
2835,2824
2835,2813
2836,2797
2836,2830
2837,2804
2839,2717
2839,2838
2840,2717
2840,2838
2841,2838
2842,2838
2843,2838
2844,2717
2844,2761
2845,2717
2845,2741
2846,2835
2847,2717
2847,2762
2848,2717
2849,2738
2849,2754
2850,2738
2851,2738
2851,2787
2852,2738
2854,2853
2855,2853
2856,2853
2856,2773
2857,2835
2858,2773
2858,2853
2859,2726
2860,2726
2861,2726
2862,2726
2863,2726
2864,2726
2865,2726
2866,2726
2866,2783
2867,2706
2867,2796
2868,2857
2869,2867
2870,2867
2870,2796
2871,2867
2872,2718
2873,2872
2874,2718
2874,2872
2875,2872
2876,2872
2877,2754
2878,2754
2879,2835
2880,2849
2880,2878
2881,2850
2881,2880
2883,2882
2884,2882
2886,2885
2887,2885
2889,2888
2890,2446
2891,2835
2892,2889
2892,2816
2893,2889
2894,2893
2896,2895
2897,2895
2898,2895
2899,2714
2899,2895
2901,2900
2902,2835
2904,2903
2904,2727
2905,2904
2906,2904
2907,2860
2909,2908
2911,2910
2912,2910
2913,2013
2914,2910
2916,2915
2917,2778
2919,2755
2919,2918
2921,2681
2921,2920
2922,2916
2924,2913
2925,2923
2926,2901
2927,2697
2929,2928
2931,2930
2932,2828
2933,2729
2934,2729
2935,2090
2936,2728
2938,2748
2938,2937
2939,4386
2939,2937
2939,2938
2941,2940
2941,2831
2942,2940
2943,2940
2943,2832
2944,2941
2945,2941
2946,2935
2947,2825
2948,2825
2948,2947
2950,2949
2950,2837
2951,2832
2951,2949
2953,2952
2953,2945
2955,2954
2955,2640
2955,2752
2956,2955
2957,2190
2957,2124
2957,2212
2958,2640
2959,2640
2960,2955
2961,2955
2962,2640
2963,2640
2964,2640
2964,2748
2965,2681
2966,2749
2966,2965
2967,2710
2967,2817
2968,2269
2968,2302
2970,2685
2970,2969
2971,2969
2972,2681
2972,2823
2973,2904
2974,2973
2974,2904
2975,2973
2976,2693
2977,2688
2978,4386
2979,2968
2979,2024
2979,2302
2980,2978
2981,2854
2982,2854
2983,2982
2984,2982
2985,2855
2985,2982
2986,2898
2987,2894
2987,2986
2988,2805
2989,2805
2989,2790
2990,2968
2990,2979
2990,2302
2991,2860
2991,2904
2991,2931
2992,2654
2992,2774
2993,2815
2993,2773
2994,2897
2995,2710
2995,2994
2995,2855
2995,2897
2996,2861
2998,2685
2998,2997
2999,2862
2999,2997
3000,2869
3001,2446
3002,2968
3002,2979
3002,2990
3002,2302
3004,3003
3005,2681
3005,3003
3006,2778
3007,2925
3008,2925
3009,2671
3009,2925
3011,3010
3012,3010
3013,2024
3015,2921
3015,3014
3016,2749
3017,2765
3018,3017
3019,2765
3019,2767
3020,2950
3021,2950
3022,2704
3024,2024
3024,2990
3024,2057
3025,3023
3025,2704
3026,3025
3026,2703
3027,2685
3028,2681
3029,2681
3029,2996
3030,2681
3031,2681
3032,2744
3033,3012
3034,2909
3035,2458
3036,2909
3036,2939
3037,2734
3038,2733
3039,2855
3040,2855
3041,3039
3042,3011
3042,3009
3044,3043
3044,2939
3044,2876
3047,3045
3049,3048
3050,2749
3050,3048
3051,2749
3051,3048
3052,3050
3053,2749
3053,3052
3054,3052
3055,3051
3055,3053
3056,3055
3057,3046
3058,2749
3058,4719
3059,2786
3059,2782
3060,3027
3062,3061
3062,2720
3063,2899
3063,3061
3064,2655
3066,3065
3068,1891
3068,3057
3068,1979
3069,3067
3071,3070
3071,3069
3071,2856
3072,3066
3072,3071
3072,3040
3072,2773
3073,2984
3073,3071
3074,3060
3074,2971
3074,2842
3074,2843
3075,2962
3076,2962
3077,2960
3078,2736
3079,3057
3080,3038
3081,3080
3081,2863
3082,3058
3084,3083
3085,2734
3085,3083
3086,2977
3086,2848
3088,3087
3091,2755
3091,3089
3092,2663
3093,3092
3094,2663
3094,2798
3095,2699
3097,3096
3098,3096
3099,3096
3101,3090
3101,2902
3101,2813
3102,3100
3102,2901
3103,3032
3103,2674
3104,3011
3105,3011
3106,2851
3107,3088
3108,2944
3108,3047
3108,2837
3109,2943
3110,3109
3111,2886
3112,2446
3113,2190
3114,2919
3116,3115
3117,2656
3117,2775
3118,2656
3118,2775
3119,2863
3120,2774
3121,3120
3122,2775
3123,2775
3125,3076
3125,2875
3126,2869
3127,3030
3127,3031
3128,2875
3129,2876
3130,2698
3130,2722
3131,2806
3131,3116
3132,3116
3133,3110
3134,3133
3135,3124
3136,3097
3137,3110
3138,2759
3139,3136
3140,3105
3140,3139
3141,2677
3142,2870
3142,2796
3143,2809
3144,3143
3144,2796
3145,4719
3146,3135
3146,2757
3148,3147
3148,2833
3150,3140
3150,3149
3151,2811
3151,2881
3152,2705
3153,2832
3154,2875
3155,2766
3155,3099
3156,3041
3157,2757
3157,3146
3158,3041
3159,2870
3159,2871
3161,3160
3161,2834
3162,2929
3162,2700
3163,2790
3164,3088
3164,2674
3165,2961
3165,2777
3166,3009
3168,2090
3168,2190
3169,3167
3170,3167
3172,3171
3172,3170
3173,3171
3174,3171
3175,3172
3175,3174
3177,3176
3178,3176
3179,3002
3180,3176
3182,3181
3183,3181
3183,3169
3184,3181
3185,3182
3187,3186
3188,3187
3189,3187
3190,1957
3191,3187
3191,3189
3192,3188
3193,3192
3194,3192
3196,3195
3196,3185
3197,3172
3197,3196
3198,3172
3199,3172
3200,3172
3200,3197
3201,3190
3203,3202
3204,3202
3205,3202
3206,3202
3207,3202
3208,4732
3208,3204
3209,3173
3209,3204
3210,3204
3211,3209
3212,2280
3213,3169
3213,3211
3214,1136
3216,3215
3217,3215
3217,3185
3218,3215
3219,3215
3220,3177
3221,3184
3221,3185
3222,3184
3224,2757
3225,3188
3226,3225
3226,3221
3227,3225
3227,3221
3228,3225
3228,3189
3229,3225
3229,3228
3230,3188
3230,3225
3231,4732
3232,3231
3233,3231
3233,3222
3234,3231
3236,3231
3237,3231
3238,4732
3239,3238
3240,4732
3240,3185
3240,3217
3240,3207
3241,4732
3241,3240
3242,4732
3242,3214
3243,3217
3244,3217
3245,3217
3246,3235
3246,1946
3246,2101
3247,3217
3248,3217
3249,3240
3249,3205
3250,3240
3250,3207
3251,3249
3252,3228
3252,3251
3253,3251
3254,3251
3255,3251
3256,3197
3256,3205
3257,3235
3258,3221
3258,3239
3259,3188
3260,3188
3261,3174
3261,3220
3262,3174
3262,3250
3263,3220
3263,3178
3263,3180
3264,3221
3265,3264
3266,3264
3267,3264
3268,3235
3269,3264
3269,3267
3270,3264
3271,3236
3271,3264
3271,3269
3272,3264
3273,3221
3274,3241
3275,3241
3276,3241
3277,3208
3277,3243
3278,3263
3278,3210
3278,3207
3279,2946
3279,1957
3280,3178
3280,3263
3281,3263
3282,3222
3283,3222
3283,3282
3284,3209
3285,3284
3286,3209
3286,3285
3287,3285
3289,3288
3290,2946
3291,3288
3291,3262
3292,3228
3294,3293
3294,3283
3295,3293
3296,3294
3298,3297
3298,3209
3299,3297
3299,3286
3300,3297
3300,3277
3301,2101
3301,3279
3302,3296
3303,3302
3304,3295
3305,3304
3306,3296
3306,3304
3307,3232
3308,3307
3309,3270
3309,3307
3311,3310
3312,1891
3313,3255
3314,3260
3314,3237
3315,3260
3315,3271
3316,3234
3316,3314
3317,3314
3317,3230
3318,3218
3318,3245
3319,3218
3320,3222
3320,3303
3320,3277
3321,3281
3322,3321
3323,3312
3324,3321
3325,3256
3326,3325
3326,3256
3327,3325
3327,3256
3328,3256
3328,3325
3329,3326
3330,3329
3331,3256
3331,3330
3332,3234
3332,3222
3332,3248
3333,3332
3335,3223
3336,2347
3336,2702
3337,3332
3337,3233
3338,3222
3338,3243
3339,3209
3340,3209
3340,3299
3341,3209
3341,3287
3342,3209
3343,3339
3345,3344
3345,3256
3346,3344
3347,2702
3348,3219
3349,3219
3349,3247
3350,3256
3351,3256
3351,3350
3352,3256
3352,3319
3352,3350
3354,3353
3354,3324
3355,3354
3356,3266
3356,3270
3357,3349
3358,2902
3359,3319
3360,3254
3360,3359
3360,3319
3361,3355
3362,3262
3363,3362
3363,3262
3363,3342
3364,3345
3364,3256
3365,3242
3366,3236
3366,3237
3367,3345
3367,3277
3368,3346
3368,3256
3368,3319
3369,3290
3370,3346
3371,3289
3371,3262
3372,3289
3372,3210
3373,3287
3373,3303
3373,3311
3374,3315
3375,3271
3375,3374
3376,3194
3376,3375
3377,3262
3378,3377
3378,3262
3378,3361
3379,3309
3379,3356
3380,1968
3381,3300
3381,3343
3382,3277
3382,3381
3383,3328
3384,3343
3385,3213
3387,3386
3389,3388
3390,3388
3391,1968
3392,3388
3394,3393
3395,3393
3396,3394
3397,3396
3398,3397
3400,3399
3402,2225
3403,3401
3404,3401
3404,3403
3406,3405
3407,3387
3407,3405
3408,3405
3409,3405
3409,3406
3411,3410
3412,3410
3413,3157
3414,3410
3415,3389
3416,3389
3417,3415
3418,3390
3418,3415
3418,3398
3419,3415
3420,3415
3421,3415
3423,3422
3423,3418
3423,3420
3424,3413
3425,3416
3425,3422
3426,3422
3427,3423
3428,3423
3429,2348
3430,3429
3431,2346
3431,3429
3432,3430
3433,3432
3434,3430
3435,1935
3435,3246
3435,2101
3436,3430
3437,3417
3438,3417
3438,3436
3439,3406
3439,4392
3440,3400
3440,3406
3441,3406
3442,3411
3443,3411
3444,3411
3445,3444
3446,3223
3447,2013
3447,2657
3448,3445
3449,3404
3449,3444
3449,3421
3450,3444
3451,3448
3451,3392
3452,3448
3453,3387
3453,3439
3455,3454
3456,3396
3457,3418
3458,2124
3459,3418
3460,3404
3460,3418
3460,3438
3461,3418
3462,3403
3463,3462
3464,4507
3465,3439
3465,3455
3467,3466
3468,3466
3469,3068
3471,3470
3472,3470
3473,3471
3473,3431
3474,3451
3475,3451
3477,3476
3477,3431
3478,3456
3478,3464
3479,3407
3480,3469
3481,3427
3481,3426
3482,3395
3483,3404
3484,3483
3484,3421
3484,3440
3485,3434
3485,3463
3486,3392
3486,3452
3486,3449
3487,3467
3487,3414
3488,3400
3488,3468
3488,3487
3490,3489
3491,3157
3491,2802
3492,3489
3492,3490
3492,3463
3493,3433
3493,3489
3494,3489
3495,3485
3495,3436
3496,3428
3497,3449
3497,3463
3498,3472
3498,3477
3499,3498
3500,3460
3501,2545
3501,3477
3502,3447
3503,3449
3504,3436
3504,3449
3504,3463
3504,3485
3504,3494
3505,3484
3505,3485
3506,3431
3506,3499
3507,3440
3508,3440
3509,3440
3509,3479
3510,3433
3511,3482
3512,3511
3513,3447
3514,3512
3515,3514
3516,3514
3517,3412
3519,3518
3519,3441
3519,3479
3520,3518
3520,3408
3521,3519
3522,3515
3522,3516
3523,3450
3524,2602
3525,3523
3526,3523
3527,3523
3528,3455
3530,3529
3532,3531
3532,3530
3532,2078
3533,3532
3534,3530
3534,3532
3535,3246
3536,3530
3537,3530
3537,2194
3538,2194
3539,3538
3540,2194
3540,3538
3540,2028
3541,3538
3543,3542
3544,3542
3545,3543
3545,4551
3545,3540
3546,3246
3547,3539
3547,3543
3547,3545
3548,3534
3549,3534
3550,3534
3550,3549
3552,3551
3553,3552
3554,3552
3555,3539
3555,3552
3557,3335
3558,1946
3559,3556
3560,3556
3562,3561
3563,3561
3564,3522
3566,3522
3566,3565
3568,3567
3569,3402
3570,3567
3571,3567
3571,3568
3572,3567
3573,3567
3575,3566
3575,3574
3576,3574
3577,3574
3578,3574
3579,2078
3579,3548
3580,2135
3582,3581
3582,2080
3583,3581
3584,3581
3585,3581
3586,3207
3586,3549
3586,3582
3586,3550
3587,3207
3587,3582
3588,3559
3588,3575
3588,3562
3589,3559
3590,3559
3591,2212
3592,3562
3593,3592
3594,3592
3595,3566
3596,3566
3597,3566
3598,3595
3599,3596
3600,3579
3600,3537
3601,3579
3603,3579
3604,4433
3605,4433
3605,3604
3605,3571
3605,2080
3606,4433
3607,1291
3608,4421
3608,1743
3609,3608
3609,4418
3610,3608
3611,2194
3611,3545
3611,4551
3613,3602
3614,3612
3615,3612
3616,3612
3617,3614
3618,3600
3618,3614
3618,3601
3619,3614
3619,3618
3620,1090
3620,3560
3620,4500
3621,3562
3621,3620
3621,4554
3622,3548
3623,3548
3624,3602
3625,3207
3625,3548
3625,3623
3626,3617
3627,3617
3629,3628
3629,3604
3629,3605
3629,2080
3630,3629
3631,3629
3632,3631
3633,3629
3633,2080
3634,1742
3635,1
3635,3602
3636,1742
3638,3637
3639,3545
3639,3638
3640,3601
3641,3640
3641,4551
3642,3600
3643,3642
3644,3642
3644,3537
3645,3600
3646,3602
3647,3645
3648,3645
3649,3645
3650,3600
3651,3588
3652,3651
3653,3622
3654,3622
3655,3622
3656,4521
3656,3597
3657,3602
3657,3646
3658,3575
3659,3575
3659,3658
3660,1743
3661,3609
3662,3588
3663,3588
3663,3589
3664,3588
3665,3562
3666,3618
3667,3666
3668,3001
3668,3335
3669,3602
3670,2194
3670,3537
3670,3618
3671,3601
3672,3671
3673,3671
3674,3671
3675,2194
3675,3601
3675,3540
3676,3647
3677,3647
3678,3647
3679,3647
3680,3613
3680,1112
3681,3644
3682,3644
3683,3644
3684,3549
3685,3537
3686,3685
3687,3621
3687,3664
3688,4554
3688,2080
3689,4554
3689,3586
3689,3688
3689,3607
3690,3665
3691,3613
3692,3665
3693,3539
3694,3539
3694,3554
3695,3639
3696,3695
3697,3695
3698,3658
3699,3652
3700,3652
3701,4901
3702,3613
3702,3680
3702,3691
3703,4901
3704,3545
3704,3639
3705,3704
3706,3704
3707,3693
3708,3693
3709,3693
3710,3693
3711,3693
3712,3705
3713,1
3714,3705
3715,3598
3716,3633
3717,3545
3718,3547
3719,3670
3720,3670
3721,3670
3722,3670
3723,3639
3724,1
3725,3723
3726,3723
3727,3723
3728,3207
3729,3207
3730,3625
3731,3717
3732,3717
3733,3717
3734,3717
3735,1
3735,3624
3736,3717
3737,3659
3738,3659
3739,3540
3740,3662
3741,3662
3742,3662
3743,3662
3744,3662
3745,3707
3746,1
3747,3707
3748,3707
3749,3707
3750,3694
3751,3540
3752,3605
3753,3650
3754,3650
3755,3650
3756,3650
3758,3650
3759,3650
3760,3603
3761,3573
3762,3573
3763,2195
3764,3750
3765,3750
3766,3563
3767,3563
3768,3757
3769,3563
3770,3563
3771,3718
3772,3718
3773,3770
3774,3770
3775,3770
3776,3544
3777,3544
3778,3751
3779,3557
3781,3751
3782,3589
3784,3783
3785,3783
3785,3784
3786,3783
3787,3783
3788,3783
3788,3787
3790,3789
3791,3780
3792,3789
3793,3790
3794,3792
3794,3793
3796,3787
3796,3795
3797,3790
3797,3792
3799,3798
3800,3798
3800,3784
3800,3792
3801,3798
3802,3780
3803,3798
3803,3799
3803,3800
3804,3785
3804,3792
3804,3798
3804,3799
3804,3800
3804,3803
3805,3798
3806,3798
3807,3798
3807,3799
3807,3803
3807,3804
3808,3798
3808,3801
3809,3796
3809,3798
3809,3799
3809,3803
3809,3804
3809,3807
3810,3796
3810,3798
3810,3805
3811,3801
3811,3806
3812,3811
3812,3806
3814,3792
3814,3801
3814,3811
3814,3794
3814,3797
3815,3811
3816,3811
3816,3815
3816,3806
3817,3800
3817,3801
3817,3806
3817,3811
3817,3816
3818,3799
3819,3784
3819,3800
3819,3792
3819,3803
3819,3804
3819,3817
3820,3800
3820,3819
3820,3817
3821,3800
3821,3819
3821,3820
3821,3817
3822,3809
3823,3822
3823,3809
3823,2713
3824,3813
3825,3784
3826,3801
3827,3347
3827,3787
3828,3347
3828,3827
3828,3787
3829,3784
3829,3819
3829,3821
3830,3784
3830,3819
3830,3829
3830,3785
3831,3784
3831,3830
3831,3788
3832,3784
3832,3830
3833,3819
3833,3820
3833,3821
3834,3829
3834,3833
3835,3824
3836,3805
3836,3796
3836,3810
3837,3836
3837,3827
3837,3828
3837,3804
3837,3787
3837,3807
3837,3796
3837,3810
3838,3827
3838,3828
3838,3836
3838,3837
3838,3805
3838,3823
3838,3787
3838,3796
3838,3809
3838,3810
3839,3796
3839,3804
3839,3836
3839,3837
3839,3838
3839,3810
3840,3819
3840,3820
3841,3819
3842,3819
3842,3820
3843,3792
3843,3841
3844,3792
3844,3814
3845,3792
3845,3820
3846,3824
3847,3844
3848,3809
3850,3849
3850,3815
3851,3815
3851,3850
3852,2413
3852,3837
3853,3794
3854,3806
3854,3817
3854,3821
3854,3853
3855,3821
3855,3853
3856,3831
3856,3788
3857,3824
3858,3812
3858,3816
3859,3814
3860,3815
3860,3851
3861,3815
3861,3860
3861,3821
3861,3816
3862,3815
3862,3861
3862,3851
3863,3815
3863,3820
3863,3829
3863,3861
3863,3862
3863,3821
3863,3806
3863,3817
3864,3815
3864,3862
3864,3851
3865,3815
3866,3820
3866,3821
3867,3852
3867,3827
3867,3787
3868,3824
3868,3768
3869,3852
3869,3827
3869,3787
3871,3870
3871,3830
3871,3827
3871,3828
3871,3787
3871,3831
3872,3862
3873,2713
3874,3864
3875,3872
3875,3834
3876,3806
3877,3806
3878,3817
3879,3835
3880,3854
3881,3831
3883,3882
3883,3079
3884,3079
3884,3883
3885,3883
3885,3884
3887,3886
3888,3886
3888,3079
3889,3558
3891,3835
3893,3892
3894,3885
3894,3892
3895,3268
3896,3079
3897,398
3897,3884
3898,398
3898,3897
3898,3885
3899,3897
3900,3898
3901,102
3902,3835
3902,3691
3903,4855
3904,4855
3906,3905
3906,4500
3907,3906
3909,3908
3909,4500
3910,3909
3911,4500
3912,4500
3913,3835
3913,3879
3914,4500
3915,4500
3916,4431
3918,2914
3918,3917
3919,3917
3920,3918
3921,3920
3922,1518
3923,3922
3924,3680
3925,3922
3926,3922
3927,3922
3929,3928
3930,3928
3931,3928
3933,3932
3934,3932
3935,3680
3937,3936
3939,3938
3939,2881
3939,1545
3940,3938
3941,3938
3942,3938
3943,3938
3944,2650
3944,3939
3945,3933
3946,3846
3947,2881
3948,2881
3948,3151
3949,1544
3949,3947
3950,3947
3950,1622
3951,2914
3951,2801
3952,3918
3953,3952
3953,2801
3954,3934
3955,3954
3955,2797
3956,3954
3957,3846
3958,3955
3960,3959
3961,1660
3961,3959
3962,3918
3963,3918
3964,3918
3966,3965
3967,3965
3968,1112
3969,3965
3970,3960
3970,3966
3971,3966
3973,3972
3974,3972
3975,2884
3976,3975
3978,3977
3978,3958
3979,1112
3980,3977
3981,1677
3981,2852
3982,1677
3983,1677
3984,1677
3985,3981
3985,3948
3986,1660
3987,3986
3987,3926
3988,3986
3989,3986
3990,1112
3992,3991
3993,3991
3994,3919
3995,3994
3996,3962
3996,3973
3998,3967
3998,3997
3999,3997
3999,3998
3999,3971
4000,3997
4001,3890
4001,779
4002,3924
4003,3978
4004,4003
4005,3937
4005,4004
4006,3978
4007,3978
4009,4008
4009,3942
4010,4009
4012,4011
4013,3924
4014,4011
4016,4015
4016,1660
4017,4015
4018,4016
4019,3940
4020,3940
4021,3940
4021,3976
4022,2884
4023,3993
4024,3924
4025,4023
4026,3921
4027,4026
4028,4026
4029,4026
4031,4030
4032,4030
4032,2852
4032,3995
4033,4030
4034,3984
4035,3924
4036,4034
4036,4014
4038,4037
4039,4012
4039,4037
4040,2887
4040,4037
4041,4038
4041,3948
4042,4027
4043,4027
4044,4027
4046,3924
4046,3691
4047,4045
4048,4045
4049,4047
4050,4047
4051,4012
4051,4047
4052,4047
4053,4047
4054,4047
4055,4047
4056,4012
4057,3924
4059,4058
4060,3964
4060,4058
4061,3995
4062,4061
4062,4033
4063,2799
4064,4063
4065,3923
4066,3923
4068,3802
4068,3924
4068,4046
4069,4067
4069,4059
4069,3930
4070,3963
4071,4019
4072,3925
4072,4071
4073,4071
4074,3992
4075,4074
4075,1545
4076,4074
4076,4075
4077,1539
4078,4077
4078,4075
4079,3879
4080,4077
4081,4077
4082,4077
4083,4064
4083,2650
4084,4083
4085,4083
4085,3944
4086,4048
4087,4086
4088,4086
4089,4086
4090,3879
4091,4086
4093,4092
4094,4092
4095,4092
4096,3960
4097,4078
4098,3943
4098,4019
4099,4019
4099,4098
4100,4062
4101,3879
4102,4018
4104,4103
4104,3980
4105,4103
4106,4104
4107,3969
4107,4017
4108,3983
4109,4108
4109,4014
4110,1667
4110,1671
4111,1667
4112,3890
4113,3879
4114,3919
4115,4039
4116,4039
4117,4062
4117,4050
4118,3980
4119,4118
4120,4010
4120,4025
4121,4102
4122,2878
4123,3974
4123,4122
4124,3879
4125,4010
4126,3974
4127,3974
4127,4114
4128,1678
4128,2878
4129,3925
4130,4129
4130,3925
4131,4129
4132,4129
4133,4129
4134,4130
4136,4084
4136,4093
4137,4084
4137,4064
4138,4075
4139,4138
4140,2887
4140,3151
4141,2887
4142,2887
4143,1544
4144,3949
4145,3949
4146,4135
4146,3891
4146,3957
4147,2801
4147,3949
4148,3925
4148,4020
4149,4141
4149,4041
4150,4082
4151,4123
4152,4151
4153,4036
4154,3970
4154,1674
4155,3970
4156,3934
4156,4070
4157,3857
4157,4146
4159,4158
4160,4075
4160,4082
4160,4158
4161,4050
4162,4072
4163,4148
4164,3925
4164,4134
4165,3941
4166,3941
4166,4139
4167,4028
4167,2801
4168,3957
4168,4146
4169,4028
4170,4025
4170,4167
4170,1545
4171,4167
4172,4064
4173,4172
4174,4025
4174,4060
4175,1649
4175,3988
4176,3988
4177,4166
4178,4051
4180,4141
4180,4022
4181,3926
4182,4110
4184,4183
4184,4060
4185,4169
4185,3930
4186,4139
4187,3929
4187,4119
4187,4171
4187,4042
4188,4134
4189,4164
4190,4179
4190,3791
4190,2223
4191,4189
4192,4005
4193,1671
4194,1671
4195,1660
4195,4102
4196,4022
4197,4137
4198,4044
4198,4119
4199,4081
4200,4076
4201,3968
4201,4190
4202,4087
4203,4202
4204,4175
4205,4064
4205,4087
4206,4042
4207,4154
4208,1674
4209,1674
4209,4810
4210,4052
4211,4210
4212,4101
4213,4052
4214,3971
4216,4215
4217,4215
4219,4218
4220,4182
4220,4218
4221,4111
4222,4221
4224,4101
4225,4222
4226,4225
4227,4182
4227,4217
4228,4227
4229,4227
4230,4227
4231,4228
4231,4229
4232,4219
4233,4232
4234,4216
4234,4233
4236,4228
4237,4236
4238,4111
4238,4226
4239,4237
4240,4194
4240,4239
4241,4228
4242,4241
4244,4243
4245,4243
4245,4193
4246,4235
4247,4237
4247,4242
4248,4193
4248,4240
4249,4248
4250,4237
4251,1672
4251,1673
4251,4250
4252,1672
4253,4252
4254,1672
4254,4252
4255,4237
4256,4237
4257,4235
4258,4228
4259,4258
4259,4240
4260,4244
4261,4182
4262,4182
4263,4260
4264,4263
4264,4240
4265,4193
4266,4261
4267,4265
4267,4266
4268,3669
4269,4249
4270,4249
4271,4142
4272,4142
4273,4056
4274,3996
4275,4274
4276,4197
4277,4276
4278,4254
4279,4268
4279,3902
4280,4181
4282,4214
4282,4281
4283,4155
4283,4214
4284,4176
4285,4283
4286,4000
4287,4199
4288,4097
4289,4148
4290,4268
4291,4085
4291,1442
4292,4291
4293,4085
4294,4293
4294,4292
4294,3150
4295,2793
4296,3950
4297,2826
4297,3950
4299,4298
4300,4298
4300,4295
4301,4268
4303,4302
4303,2901
4304,4302
4305,2807
4305,4302
4307,4306
4307,1622
4307,1663
4307,4292
4307,1442
4309,2901
4309,4308
4310,4308
4311,4308
4312,3657
4312,4268
4313,4311
4314,4313
4315,4296
4315,3944
4316,4315
4317,4315
4318,4296
4319,2745
4319,4296
4319,4297
4321,4303
4321,4320
4321,2836
4322,4321
4323,4268
4324,2826
4324,4321
4325,2916
4326,2916
4327,2916
4328,131
4329,4328
4329,447
4330,1424
4331,1653
4331,4330
4332,1567
4333,1653
4334,4223
4335,4268
4336,4333
4336,447
4337,1653
4338,4331
4339,3102
4340,4339
4340,3150
4341,2745
4341,2901
4341,167
4342,3944
4343,3944
4344,3944
4344,4295
4346,3768
4347,4345
4347,4324
4348,4345
4349,4322
4349,4310
4350,4314
4350,4349
4351,4349
4351,4327
4352,4322
4352,447
4353,2901
4354,2901
4355,2901
4356,4347
4357,4346
4358,3150
4358,4319
4358,2826
4359,4344
4360,4299
4360,4300
4361,167
4361,4326
4362,4361
4363,4361
4364,4362
4364,4325
4365,4325
4366,4353
4366,4355
4367,4363
4368,4346
4369,4305
4370,4348
4370,4355
4371,4810
4372,4371
4373,224
4374,224
4375,4816
4376,4375
4376,4374
4377,4816
4378,4377
4378,4849
4379,4346
4379,4335
4380,4372
4381,3768
4381,4323
4381,4346
4383,3968
4383,4046
4383,4382
4384,4124
4385,4384
4386,3334
4388,4384
4389,3902
4389,4368
4390,4389
4390,4323
4390,4335
4391,3691
4392,3691
4393,4391
4394,4301
4394,4312
4395,3624
4395,3646
4396,3768
4396,3946
4397,4157
4397,3913
4398,4387
4399,4157
4400,4157
4401,4113
4402,4113
4403,4113
4404,4124
4404,4400
4404,4246
4405,4396
4406,3946
4408,4407
4410,4201
4410,4408
4411,4408
4412,2223
4413,4412
4413,4411
4414,4402
4415,4400
4417,4416
4418,4416
4419,4398
4420,4409
4421,4419
4423,4422
4424,4423
4425,4423
4425,835
4427,4426
4427,4424
4427,4417
4428,4426
4429,4426
4430,4424
4430,4425
4430,4428
4430,4398
4431,4398
4431,4409
4432,4417
4433,4417
4433,1291
4433,4418
4435,4425
4435,4434
4435,4429
4436,4434
4436,4435
4437,4434
4438,4434
4438,835
4439,4425
4440,4439
4440,1136
4441,4435
4441,4437
4443,4428
4443,4435
4444,4432
4446,4445
4447,4445
4449,4448
4450,4448
4451,4448
4452,4448
4453,4442
4454,4448
4455,4448
4456,4448
4456,4451
4457,4448
4457,4450
4458,4448
4458,4450
4459,4448
4459,4450
4460,4448
4462,4461
4463,4462
4464,4442
4465,1191
4465,4462
4466,4462
4468,4467
4469,4468
4470,4468
4471,4468
4472,4468
4474,4473
4474,4463
4475,2112
4476,4473
4476,4474
4478,4477
4479,4477
4480,4477
4481,4478
4481,4479
4482,4481
4483,4480
4483,4482
4485,4484
4486,2112
4486,4475
4487,4484
4488,4484
4490,4489
4491,4476
4492,4491
4493,4491
4494,4491
4495,4491
4495,4494
4495,4476
4496,4491
4496,4494
4496,4476
4497,3334
4498,1890
4498,4475
4498,4486
4500,102
4500,4499
4500,957
4502,4501
4504,4502
4504,4503
4505,4504
4506,4504
4507,4506
4508,4504
4509,4475
4510,1191
4510,102
4510,4500
4511,4510
4512,4510
4513,4470
4514,4470
4515,4470
4515,4474
4515,4471
4515,4472
4515,4466
4516,4513
4517,4514
4517,4516
4518,4515
4519,4518
4521,4518
4522,4516
4523,4517
4524,4515
4524,4465
4525,4474
4525,4515
4527,4526
4528,4479
4528,4526
4529,4526
4530,4527
4531,4520
4532,4527
4533,4478
4534,4478
4535,4478
4535,4496
4536,4478
4536,4485
4536,4490
4536,4480
4537,4478
4537,4485
4537,4490
4537,4482
4538,4533
4538,4534
4538,4465
4538,4500
4539,4479
4540,4479
4541,4479
4541,4532
4542,4520
4542,4112
4543,4474
4544,4539
4544,4540
4544,4543
4545,4474
4545,4544
4546,4471
4546,4532
4547,4541
4547,4546
4548,4490
4549,4472
4550,4472
4551,4472
4552,4525
4554,1090
4554,4465
4556,4555
4557,4555
4558,4555
4559,4555
4561,4560
4562,4560
4563,4560
4564,4553
4564,2224
4564,1668
4566,4565
4567,4566
4568,4566
4570,4569
4571,4569
4573,4572
4574,4572
4574,4573
4575,3001
4577,4576
4578,4576
4579,4561
4580,4561
4580,4577
4581,4561
4581,4563
4582,4561
4583,4580
4584,4580
4585,4580
4587,4580
4587,4583
4587,4584
4588,4577
4590,4589
4591,4590
4592,4590
4593,4590
4594,4590
4595,4590
4597,4586
4598,4596
4598,4556
4599,4567
4600,4599
4601,4599
4602,4599
4602,4440
4603,4598
4604,4603
4605,4603
4606,4567
4607,4567
4608,3334
4609,4498
4609,4586
4609,4597
4610,4567
4611,4567
4612,4598
4613,4598
4614,4598
4615,4598
4616,4598
4617,4598
4619,4618
4619,4556
4621,4619
4622,4619
4623,4619
4624,4556
4624,4610
4624,4621
4625,4621
4625,4602
4626,4568
4628,4627
4628,4568
4628,4556
4629,4628
4630,4628
4630,4623
4631,4620
4632,4568
4633,4581
4633,4588
4634,4581
4634,4571
4635,4588
4635,4578
4636,4588
4637,4588
4639,4638
4639,4574
4640,4639
4640,4574
4641,4591
4642,4620
4643,4584
4643,4591
4643,4592
4645,4644
4646,4583
4646,4640
4646,4645
4646,4574
4647,4645
4648,4592
4649,4592
4649,4593
4650,4592
4651,4610
4652,4605
4654,4556
4654,4605
4656,4655
4656,4640
4656,4643
4657,4656
4657,4574
4658,4649
4658,4656
4659,4643
4659,4656
4660,4657
4661,4636
4662,4636
4664,4653
4665,4663
4665,4585
4666,4663
4667,4663
4667,4665
4668,4663
4669,4640
4670,4587
4670,4594
4670,4640
4670,4571
4670,4650
4671,4640
4671,4646
4671,4670
4672,4563
4673,4624
4675,4642
4675,4653
4676,4674
4676,4662
4677,4670
4677,4676
4678,4582
4679,4582
4679,4667
4680,4662
4682,4681
4682,4574
4683,4646
4684,4574
4684,4583
4684,4584
4684,4587
4684,4602
4685,4649
4687,4624
4688,4624
4688,4632
4689,4602
4689,4624
4690,4630
4691,4570
4692,4625
4693,4679
4694,4585
4695,4585
4696,4637
4696,4571
4697,4686
4698,4573
4698,4574
4699,4594
4700,4587
4701,4587
4702,4587
4703,4671
4704,4677
4705,4658
4706,4658
4707,4623
4708,4697
4709,4602
4709,4684
4710,4709
4711,4654
4712,4668
4713,4712
4714,4571
4715,4571
4715,4647
4716,4666
4717,4716
4718,4666
4719,3334
4720,4697
4721,4688
4722,4667
4724,4723
4724,4573
4725,4659
4726,4573
4727,4573
4728,4632
4729,4632
4730,4574
4731,4708
4732,4684
4733,4668
4734,4706
4735,4715
4736,4647
4737,4689
4739,4738
4740,4738
4741,4738
4742,4708
4743,4739
4744,4739
4744,4743
4745,4739
4745,4744
4746,4739
4746,4741
4748,4747
4748,4746
4750,4749
4750,4748
4751,4749
4752,4749
4752,4751
4753,4609
4753,4708
4754,4749
4755,4750
4756,4750
4756,4751
4757,4741
4757,4750
4758,4750
4759,4748
4760,4748
4761,4748
4763,4752
4763,4762
4764,4708
4764,4753
4765,4743
4766,4743
4767,4740
4767,4743
4768,4740
4769,4744
4770,4744
4771,4768
4772,4769
4772,4771
4774,4773
4775,4731
4776,4763
4776,4773
4777,4763
4777,4773
4778,4745
4779,4745
4780,4779
4780,4777
4781,4745
4782,4745
4782,4776
4782,4780
4782,4777
4783,4781
4784,4781
4785,4781
4786,4731
4787,4781
4788,4751
4788,4752
4789,4741
4789,4756
4789,4788
4790,4752
4791,4752
4791,4754
4791,4763
4792,4774
4793,4774
4795,4794
4795,4777
4797,4731
4798,4796
4800,4798
4800,4799
4800,4785
4800,4787
4801,4800
4802,4798
4803,4802
4804,4802
4805,4798
4806,4770
4806,4798
4806,4803
4807,4763
4807,4792
4808,4731
4809,4792
4810,4770
4811,4757
4812,4754
4812,4758
4813,4763
4814,4763
4815,4777
4816,4815
4817,4776
4817,4761
4818,4791
4819,4731
4820,4811
4821,3802
4821,4820
4823,4822
4824,4823
4824,4758
4825,4823
4826,4823
4827,4812
4828,4812
4829,4814
4831,4720
4832,4817
4833,4817
4834,4760
4834,3979
4835,4777
4836,4777
4837,4758
4837,4761
4837,4833
4838,4835
4839,4828
4840,4825
4840,4839
4841,4825
4842,4831
4843,4825
4843,4840
4844,4783
4845,4784
4846,4746
4847,4809
4848,4847
4848,4793
4849,4848
4851,4850
4852,4850
4853,4453
4854,4851
4854,4500
4855,4851
4856,4511
4857,4856
4858,4856
4859,4856
4859,4857
4860,4511
4860,4500
4861,4854
4862,4854
4864,4853
4864,4564
4865,4863
4865,4500
4865,4855
4866,4512
4867,4866
4868,4866
4869,4866
4870,4866
4871,4866
4871,4870
4872,4857
4872,4866
4873,4866
4874,4866
4875,4453
4875,4853
4876,4866
4877,4866
4878,4866
4879,4866
4880,4866
4881,4861
4882,4881
4882,4867
4883,4881
4884,4881
4885,4881
4886,2668
4886,4853
4887,4881
4887,4882
4888,4862
4889,4888
4890,4871
4890,4888
4890,4889
4891,4860
4892,4860
4893,4860
4894,4891
4895,4894
4896,4895
4897,4853
4898,4896
4900,4899
4901,1090
4901,4554
4901,4900
4902,4883
4903,4882
4903,4902
4904,4882
4904,4902
4905,4902
4905,4500
4906,4852
4907,4852
4908,4864
4909,4906
4910,4867
4910,4906
4911,4906
4912,4906
4913,4906
4914,4906
4915,4906
4915,4912
4916,4906
4917,4909
4918,4909
4919,2112
4920,4917
4921,4917
4922,4917
4923,4917
4924,4917
4925,4867
4926,4925
4927,4925
4928,4925
4929,4882
4930,4919
4931,4929
4932,4882
4933,4891
4933,4907
4933,4915
4934,4933
4935,4933
4936,4882
4936,4910
4937,4882
4937,4936
4938,4867
4938,4500
4939,4935
4940,4939
