0,81
0,320
0,34
0,53
1,127
1,25
1,367
1,292
1,86
2,360
2,293
3,16
3,290
3,29
3,127
3,231
3,383
3,324
4,189
4,268
4,29
4,164
4,98
5,144
5,186
5,160
5,102
5,137
6,241
6,314
6,11
6,92
6,106
7,364
7,329
7,128
8,395
8,82
8,324
8,142
9,394
9,65
9,254
9,196
10,66
10,362
10,89
11,259
11,135
11,265
11,144
11,276
11,103
12,2
12,366
12,26
12,245
12,119
12,126
13,397
13,304
13,79
13,311
13,237
13,134
13,394
14,123
14,5
14,124
15,176
15,336
15,307
15,254
15,190
16,231
16,378
16,24
16,232
17,47
17,23
17,107
18,319
18,76
19,263
19,351
20,13
20,139
20,134
21,338
21,131
21,29
21,363
21,86
22,10
22,267
22,186
22,357
23,121
23,397
23,319
23,386
23,305
23,4
24,138
24,146
24,3
24,317
24,324
24,121
24,226
25,239
25,295
25,31
25,47
25,24
26,368
26,299
26,322
26,351
26,70
26,154
26,389
26,145
26,199
27,55
27,64
27,94
28,341
28,14
28,344
29,18
29,194
29,392
29,202
30,73
30,131
30,159
30,365
31,218
31,76
31,223
31,285
31,396
31,178
32,125
33,340
33,136
34,64
34,370
34,313
34,366
35,107
35,268
35,197
35,47
35,54
35,209
36,386
36,26
36,377
36,207
36,51
36,62
36,338
37,139
37,87
37,56
37,258
37,241
37,169
38,138
38,184
38,328
38,319
38,343
39,287
39,280
39,35
39,362
39,184
40,333
40,226
40,25
40,329
40,294
40,121
40,224
41,81
41,61
41,242
42,109
42,377
42,187
42,2
42,174
42,59
42,391
43,298
43,288
43,94
43,236
43,320
44,97
45,100
45,321
45,359
45,252
45,108
45,37
46,237
47,105
47,390
48,337
48,372
48,388
49,52
49,71
49,223
49,98
49,23
49,247
49,209
50,277
50,306
50,72
50,253
51,99
51,20
51,318
51,366
51,115
51,244
52,329
52,262
52,184
52,290
52,24
52,246
52,93
52,367
52,308
53,126
53,153
53,119
54,167
54,365
54,40
54,224
54,328
54,24
54,39
54,384
54,378
55,154
55,230
55,163
55,399
55,277
56,65
56,376
56,394
56,385
56,20
57,386
57,313
57,179
58,273
58,382
58,224
58,52
58,255
58,390
59,282
59,122
59,34
59,233
60,252
60,221
60,357
60,354
60,134
61,207
61,351
61,201
61,199
61,174
62,199
62,323
62,88
62,271
63,344
63,237
63,359
63,204
63,102
64,233
64,84
64,340
64,374
64,286
64,85
64,55
65,290
65,6
65,186
65,256
65,155
66,252
66,186
66,387
66,150
67,394
67,108
67,66
68,124
68,221
68,278
69,328
69,146
69,82
69,4
70,141
70,256
70,299
70,36
70,33
70,99
70,140
70,109
70,53
70,373
70,71
70,203
70,301
71,153
71,293
71,327
71,234
71,338
71,141
72,326
72,366
72,250
72,373
72,129
73,239
73,86
73,191
73,48
73,251
73,90
74,161
74,206
74,113
74,48
75,97
76,285
76,8
76,177
77,324
77,232
78,196
78,321
78,135
78,270
78,100
79,37
79,359
80,190
80,252
80,254
80,316
80,28
81,34
82,138
82,3
82,165
82,287
83,317
83,174
83,112
84,377
84,26
85,277
85,141
85,188
85,389
86,275
86,189
86,17
86,4
87,63
87,196
87,79
87,283
88,72
88,260
88,351
88,391
89,104
89,182
89,60
89,74
89,355
89,28
89,113
90,295
90,142
90,82
90,17
91,148
91,179
91,242
91,282
92,354
92,276
92,344
92,170
93,76
93,132
93,249
94,362
94,318
94,260
94,356
94,230
95,51
95,12
96,101
96,67
97,271
97,340
97,129
97,245
98,167
98,177
98,272
98,223
99,69
99,2
100,355
100,235
100,13
101,235
101,180
101,204
101,170
101,66
102,28
102,350
102,6
102,270
102,304
102,79
103,124
103,22
104,229
104,385
104,210
105,142
105,54
105,255
105,296
106,341
106,346
106,258
106,161
106,211
107,352
107,383
107,218
108,229
108,372
108,228
109,256
109,299
109,44
109,179
109,293
109,153
110,326
110,153
110,44
110,141
110,327
110,41
111,244
111,386
111,59
111,70
111,269
111,201
111,145
111,62
111,175
112,53
112,141
112,145
112,2
112,245
112,348
112,99
112,140
113,139
113,252
113,63
113,311
114,132
114,189
115,398
115,141
115,306
115,174
115,299
115,386
115,244
116,359
116,150
116,309
116,388
116,92
116,204
116,80
116,259
117,298
117,49
117,214
118,57
118,264
118,179
118,149
118,148
118,282
119,282
119,220
119,298
119,225
120,378
120,370
120,246
120,202
120,164
121,156
121,16
121,90
122,203
122,377
123,169
123,101
123,270
124,387
124,278
124,311
124,106
124,238
125,190
125,155
126,391
126,256
126,151
126,393
126,219
126,253
127,7
127,290
127,227
127,105
127,197
128,287
128,54
128,272
128,183
129,242
129,126
129,313
129,266
130,59
130,34
130,137
130,198
130,71
131,77
131,222
131,287
132,53
132,28
132,333
132,335
132,167
132,353
133,312
133,222
133,74
133,24
133,335
134,254
134,10
134,22
134,5
134,28
134,65
135,316
135,143
135,60
136,34
136,331
137,175
137,260
137,340
138,249
138,294
138,29
138,308
138,227
138,300
139,46
139,170
139,258
139,65
139,206
139,56
140,97
140,266
140,154
140,340
141,87
141,264
141,377
141,53
142,294
142,312
142,383
142,249
143,96
143,139
143,32
143,10
144,316
144,252
144,171
144,387
144,229
144,101
145,70
145,207
145,220
146,128
146,292
146,105
147,273
147,97
147,339
147,396
147,197
147,167
147,156
148,75
148,242
149,351
149,348
149,153
149,386
149,298
150,103
150,135
150,123
150,240
151,369
151,2
151,398
151,104
151,86
151,269
152,84
152,369
153,293
153,58
153,399
153,225
153,70
154,119
154,130
154,269
154,349
155,371
155,252
155,379
155,9
155,87
155,150
155,180
156,162
156,246
156,305
156,177
157,360
157,129
157,334
157,34
157,266
157,94
157,399
158,274
158,345
159,345
159,3
159,105
159,275
159,226
160,381
160,358
160,240
160,92
161,66
162,197
162,312
162,367
163,99
163,94
163,42
163,81
163,354
164,133
164,202
164,31
165,4
165,38
165,29
165,118
166,23
166,375
166,347
166,312
166,205
167,347
167,364
167,30
167,194
168,72
168,137
168,61
168,220
168,233
168,263
168,340
168,149
169,144
169,316
169,85
170,20
170,56
170,180
170,89
170,206
170,210
170,123
170,190
171,358
171,48
171,125
171,143
172,336
172,237
172,346
172,171
172,66
172,22
172,13
172,316
172,106
173,80
173,196
174,282
175,198
175,126
175,174
175,99
175,64
175,97
177,165
177,295
177,39
177,361
177,184
178,138
178,142
178,82
178,364
178,262
178,395
179,263
179,153
179,119
179,327
180,176
180,78
180,6
180,228
181,215
181,259
182,195
182,394
182,325
182,176
183,332
184,367
186,350
186,46
186,237
186,330
188,53
188,377
188,168
188,298
188,331
189,268
189,178
190,344
190,229
191,49
191,176
191,147
191,131
191,107
191,183
192,79
192,60
192,104
192,102
192,66
193,13
193,79
193,204
194,272
194,182
194,40
194,8
194,205
195,346
195,267
195,192
195,278
195,125
195,104
195,14
196,344
196,100
196,67
197,82
198,281
198,301
198,297
199,236
199,152
199,64
199,233
199,43
199,373
200,112
200,302
200,187
200,84
201,7
201,281
201,351
201,284
201,157
201,256
201,322
201,263
202,114
202,174
202,223
202,184
202,38
202,364
202,133
203,148
203,44
203,327
203,306
203,338
203,216
204,180
204,186
205,285
205,249
206,144
206,106
206,381
206,328
206,183
206,108
207,214
207,94
207,126
207,198
207,253
207,151
207,277
208,65
208,359
208,56
209,339
209,324
209,25
209,177
209,274
209,213
210,109
210,252
210,186
210,92
210,321
210,311
210,125
210,257
211,190
211,96
212,397
212,12
212,291
212,48
212,92
212,134
213,52
213,295
213,247
213,365
213,133
213,1
214,391
214,320
214,75
214,368
215,192
215,108
215,291
215,87
216,286
216,244
216,253
217,178
217,343
217,367
217,370
217,213
217,352
217,162
217,7
217,177
217,275
218,239
218,378
219,277
219,320
219,200
219,198
219,244
219,119
219,84
219,203
220,323
220,62
220,111
220,203
220,277
221,172
222,24
222,247
222,105
222,339
223,328
223,347
224,339
224,247
225,369
225,366
225,203
225,175
225,288
226,31
226,73
226,121
226,162
226,218
227,105
227,296
227,255
227,165
227,185
227,315
227,273
227,246
228,212
228,330
228,371
229,143
229,291
229,387
229,134
230,91
230,59
230,27
230,50
230,26
230,288
231,251
231,184
231,287
231,40
232,289
232,275
233,55
234,19
234,399
234,323
234,256
234,374
235,103
235,270
235,241
236,112
236,331
237,56
237,354
237,241
238,387
238,56
238,171
238,397
238,354
239,1
239,38
239,395
240,104
241,279
241,385
241,56
241,89
242,234
242,380
242,42
242,122
243,227
243,315
244,61
244,317
244,220
244,334
245,318
245,19
245,299
245,53
245,260
246,333
246,395
246,384
246,329
246,396
247,120
247,69
247,353
247,21
248,103
248,89
248,5
248,124
248,304
248,195
249,290
249,353
249,166
249,335
249,315
249,191
249,209
250,269
251,90
251,243
251,218
251,164
251,395
252,387
252,28
252,15
252,241
252,123
252,337
253,154
253,83
253,59
253,168
253,250
253,233
254,144
254,344
254,181
254,381
254,116
255,138
255,107
255,262
255,364
255,232
255,217
256,140
256,380
256,43
257,116
257,385
257,78
257,135
257,330
257,125
258,388
258,241
258,252
259,80
260,369
260,230
260,322
260,187
260,331
260,33
261,101
261,249
261,196
262,183
262,395
262,73
263,163
263,386
263,306
263,51
264,214
264,163
264,42
264,220
264,84
264,27
265,106
265,254
265,309
265,344
266,398
266,75
266,288
266,214
267,92
267,355
267,204
267,212
267,104
267,78
268,7
268,167
268,205
268,294
268,77
268,138
268,39
269,57
269,204
269,71
269,386
269,266
270,238
270,79
270,237
271,323
271,301
271,94
271,244
271,36
271,230
271,313
271,317
272,24
272,384
272,31
272,158
273,77
273,191
273,35
274,272
274,273
274,197
274,31
274,382
274,114
274,147
275,29
275,382
275,121
275,213
276,248
276,182
276,65
276,104
276,14
277,97
277,95
277,323
277,51
277,216
277,256
277,71
277,59
277,163
278,46
278,181
278,193
278,135
278,350
279,89
279,48
279,100
279,341
279,212
279,211
279,254
279,240
280,268
281,373
281,71
281,340
281,242
281,188
281,356
281,111
281,27
281,126
282,340
282,322
282,207
282,245
282,306
282,72
282,53
282,201
283,134
283,303
283,113
283,89
283,325
283,355
284,369
284,61
284,368
284,199
284,175
284,380
284,389
284,75
285,224
285,132
285,319
285,226
286,266
286,277
286,34
286,200
286,99
286,95
286,282
286,225
287,328
287,329
287,35
287,218
287,382
287,232
287,239
287,52
288,146
289,47
289,342
289,77
289,352
289,262
290,38
290,231
291,32
291,13
291,250
292,29
292,347
292,191
292,7
292,21
293,36
293,43
294,308
294,127
294,272
294,305
295,319
295,224
296,329
297,117
297,214
298,83
298,35
298,145
298,27
299,152
299,200
299,286
299,288
299,366
300,133
300,82
300,275
301,85
301,95
301,327
301,97
301,118
301,33
301,207
302,141
302,175
302,50
302,115
302,216
302,303
303,351
303,389
303,117
303,216
304,160
304,381
304,104
305,127
305,47
305,24
306,339
306,122
306,157
306,119
306,200
306,269
306,349
306,112
307,176
307,248
307,253
307,181
308,30
308,222
308,133
309,5
309,74
309,139
309,45
309,72
309,137
309,9
309,102
310,59
310,377
310,293
311,376
311,238
311,212
311,45
311,291
311,358
311,357
312,224
312,258
312,245
312,52
312,365
312,232
312,335
312,339
313,219
313,323
313,84
314,18
314,176
314,139
314,359
314,267
314,96
315,17
315,162
315,7
315,300
315,107
315,396
316,102
316,376
316,173
316,342
317,329
317,284
318,282
318,263
318,119
318,84
318,136
318,149
318,99
319,82
319,105
319,164
319,333
320,313
320,70
320,318
320,277
320,112
320,207
320,188
320,298
320,34
320,118
320,299
320,71
320,286
320,72
321,28
321,108
321,161
322,99
322,306
322,369
322,393
322,85
322,391
322,242
323,399
323,298
323,44
324,16
324,396
324,345
324,58
324,231
324,4
325,210
325,14
325,196
325,352
326,36
326,282
326,262
326,185
327,236
327,269
327,59
327,256
327,141
328,193
328,98
328,208
329,396
329,227
329,292
329,133
330,135
330,9
330,32
330,14
330,311
331,368
331,72
331,377
331,137
331,326
331,157
331,163
332,147
332,38
333,395
333,396
333,209
334,280
334,349
335,131
335,29
335,370
335,205
335,384
336,358
336,113
336,283
336,237
337,176
337,150
337,195
338,179
338,327
338,399
338,398
338,233
339,275
339,335
339,1
340,179
340,81
340,322
340,110
341,74
341,43
341,155
341,267
341,56
342,182
342,15
343,166
343,361
343,352
343,272
343,39
344,283
344,193
344,270
344,311
344,215
344,143
345,132
345,305
345,375
345,166
345,35
346,376
346,28
346,354
346,371
346,206
346,182
346,258
347,16
347,305
348,109
348,369
348,264
348,188
348,53
349,323
349,136
349,42
349,119
350,229
350,96
351,99
351,151
351,84
351,271
351,198
351,266
351,188
352,131
352,146
352,367
352,177
352,294
352,390
352,73
352,189
353,273
353,90
353,52
353,1
353,328
354,190
354,45
354,342
355,322
355,241
356,299
356,297
356,99
356,151
357,385
357,346
357,208
357,182
357,150
358,276
358,212
358,325
358,279
358,9
359,196
359,67
360,84
360,95
360,236
360,27
360,331
360,326
361,133
361,353
361,178
361,162
362,201
362,140
362,216
362,242
362,234
362,374
362,109
363,194
363,191
363,392
363,52
363,107
363,159
363,232
364,383
364,333
364,329
364,138
365,329
365,164
365,39
365,347
366,256
366,271
366,44
366,293
366,84
367,287
367,305
367,324
367,86
368,75
368,303
368,42
368,59
369,389
369,393
370,142
370,69
370,23
371,204
371,259
371,60
371,195
372,388
372,221
372,379
372,155
372,240
372,170
372,80
372,265
372,68
373,242
373,75
373,91
373,99
373,256
374,220
374,369
374,368
375,23
376,344
376,28
376,6
376,359
377,130
377,391
377,399
377,95
377,348
377,356
377,70
377,61
378,213
378,217
378,23
378,246
378,347
379,134
379,20
380,151
381,45
381,80
381,78
381,309
381,67
382,377
382,46
382,76
382,396
383,255
383,213
383,90
383,315
383,16
383,69
384,372
384,21
384,370
384,209
384,197
384,25
384,396
385,330
385,248
385,212
385,173
385,336
386,351
386,362
386,140
386,320
387,320
387,357
387,304
387,267
387,344
387,181
388,376
388,186
388,387
388,13
389,264
389,12
389,377
390,183
390,222
390,375
390,23
390,290
390,147
391,43
391,225
391,266
391,373
391,299
391,62
392,249
392,23
392,156
392,224
392,4
393,317
393,136
393,51
393,244
393,81
394,186
394,344
394,397
394,311
395,383
396,209
396,312
397,325
397,372
397,102
397,10
397,161
397,87
397,96
398,322
398,119
398,19
398,356
398,70
398,220
398,44
398,219
399,44
399,34
399,43
