4,780
4,1306
4,1665
4,1252
5,224
5,1216
5,1697
5,1626
5,1916
5,1562
5,1782
5,1090
6,1513
6,1549
6,236
6,702
7,1484
7,1543
7,1580
7,1709
7,1810
7,447
8,1024
8,1351
8,1520
8,1133
9,524
9,1383
10,80
10,1261
10,1402
11,1325
11,1749
11,1892
11,1905
12,1146
12,1366
12,1519
12,1604
12,1884
12,1877
12,1690
12,369
12,1841
13,1112
13,1205
13,1618
13,1680
13,1323
13,1171
13,1421
15,1227
15,1606
15,1548
15,1507
15,1463
15,1372
16,902
16,1560
16,1968
16,1812
16,1382
16,1805
17,1546
17,1285
18,358
18,1695
18,1575
18,1622
19,1767
20,768
20,1979
20,1891
21,1421
21,1589
21,1443
22,1496
22,1566
22,1879
23,1282
23,1807
24,1492
24,1613
24,1150
24,1204
26,1986
26,1892
27,1895
27,1979
28,1126
28,1165
28,1930
28,10
28,136
28,1748
29,1307
29,1408
29,1641
29,23
29,125
29,1493
30,1448
30,1472
30,1794
30,9
30,16
30,1802
30,1282
30,1859
31,1149
31,1210
31,1239
31,1461
31,1614
31,1907
31,1186
31,1212
31,1231
31,1866
32,1675
32,1729
32,1344
32,16
33,1544
33,1721
33,1863
33,335
33,1283
33,1895
33,1539
34,1375
34,1946
34,1971
34,1710
34,1722
34,1801
35,1304
35,1315
36,1556
37,1595
37,1761
37,1115
38,1327
38,1705
38,1762
38,1157
38,557
38,1741
39,1213
39,28
39,1402
39,1971
39,1202
39,1280
39,1337
40,1365
40,1268
40,1756
41,1989
41,1926
41,1710
41,1797
42,746
42,1336
42,1503
42,1790
42,1342
43,1136
43,1230
43,1325
44,902
44,1267
44,1514
44,1689
44,879
45,1563
45,1577
45,768
45,1755
45,1913
46,713
46,1398
46,1615
46,1742
46,1957
46,1321
48,1696
48,1859
48,125
48,1497
48,1756
49,1800
49,26
50,1920
50,1282
50,1807
50,879
50,1370
51,1686
51,1716
52,1743
52,1769
53,791
53,1504
53,1231
53,1367
54,435
54,1161
54,1658
54,1780
54,1917
54,1886
54,1783
54,1331
55,1732
55,1971
55,1761
55,1535
55,1147
55,1363
56,1139
56,1522
56,1759
56,1133
56,18
57,1595
57,37
58,1590
59,1355
60,1173
60,1272
60,1277
60,1407
60,1677
60,1870
60,1810
60,1580
61,1476
61,1717
61,1768
61,1829
61,1464
61,8
62,1945
62,635
62,1521
62,1613
62,1661
62,11
62,469
63,247
63,180
63,1400
63,1704
63,1456
64,1279
64,458
64,1198
64,1948
64,13
64,1318
65,413
65,1686
65,1853
65,1745
65,1186
66,1612
66,713
66,1576
66,1649
66,1988
66,1265
66,1249
66,1957
66,1241
66,4
67,1146
67,1190
67,702
67,369
67,1469
67,61
68,1090
68,1507
68,1586
68,15
68,1438
68,1463
68,1618
68,269
69,2
69,1490
70,1316
70,1647
70,1702
70,1152
71,1154
71,1839
72,1751
72,34
72,1233
73,1207
73,38
73,1582
73,1654
73,1846
74,1786
74,1943
74,1325
74,1834
75,1653
75,1697
75,1463
75,1392
76,1222
76,1411
76,1716
76,1305
76,1458
76,1804
77,1470
77,1144
77,1762
77,33
77,1732
77,1235
78,890
78,1506
78,1755
78,1957
78,1203
78,780
79,1124
79,1886
79,1932
79,1245
79,1825
80,1890
81,1581
81,1639
81,1731
81,1749
82,1848
82,29
82,169
82,1308
82,1501
82,1258
83,1013
83,1807
83,1228
83,1920
83,8
83,458
83,40
84,1272
84,1665
84,1482
84,1755
85,1978
85,1420
85,1475
86,1901
86,1303
86,1370
86,1802
86,1962
87,1647
87,1653
87,1719
87,1958
87,73
88,1193
88,1453
88,1732
88,979
88,57
88,1770
89,1548
89,1656
89,1227
89,1443
89,1942
90,1935
90,1952
90,1505
92,1571
92,336
92,1822
93,1190
93,1730
93,1924
94,1568
94,1382
94,1472
94,48
94,1228
94,16
95,1634
95,1438
95,1606
95,1707
95,5
95,1702
95,1782
95,1646
95,13
95,1674
96,1426
96,1132
96,347
96,1534
96,1406
97,358
97,1130
97,1351
97,18
97,1778
97,1440
98,1590
98,1586
99,1130
99,1278
99,1492
99,1624
99,8
99,1996
100,1189
100,1332
100,1849
101,0
101,1464
101,1884
101,1897
101,1785
103,691
103,1561
103,1644
103,1831
103,45
103,1706
103,1312
104,1590
104,1194
104,13
104,87
104,15
105,1164
105,1430
105,1469
105,1692
105,59
105,380
105,1587
105,1549
105,1949
105,1572
106,1506
106,1957
106,1265
106,68
106,1249
106,1672
107,535
107,1653
107,1781
107,1583
107,491
107,95
107,1914
108,1856
108,502
108,1411
108,1561
108,1769
109,1801
109,1420
109,1731
110,1024
110,85
110,1798
110,1471
111,1195
111,1896
111,43
111,81
111,1264
111,1236
112,1057
112,1147
112,1846
112,1902
112,1985
112,1770
112,1603
112,1705
115,1745
115,76
116,1754
116,1756
116,1740
117,1723
117,1204
117,1471
117,1269
118,1125
118,1171
118,1421
118,1443
119,1374
119,1704
120,557
120,1610
120,1974
120,1123
120,1115
121,2
121,80
121,1553
121,1257
121,1416
122,1431
122,1704
122,1057
122,1609
122,1847
123,780
123,1128
123,1321
123,1360
123,1385
123,1484
123,1591
123,1842
123,1173
124,1631
124,1727
124,1474
125,1290
126,1215
126,1647
126,1674
126,1781
126,118
126,1602
126,21
127,1557
127,1734
127,1984
127,1276
127,1922
127,1806
127,1876
128,124
128,1224
128,1468
129,1889
129,813
129,1260
129,1505
129,1622
129,1661
129,1204
130,1318
130,1698
130,1756
130,1805
130,16
130,1516
131,1794
131,1955
131,1307
132,1696
132,1901
132,1362
132,1425
132,1153
132,1784
133,1190
133,118
133,1940
133,1728
133,1692
133,1271
134,1801
134,1170
134,1113
134,1467
135,1207
135,122
135,1283
136,1124
137,1199
137,1944
137,31
137,1345
138,1316
138,1443
138,1781
138,1702
138,1626
139,1212
139,117
139,1304
139,1673
139,1263
139,1878
139,1685
139,1226
139,1527
140,1143
140,302
140,1403
140,1429
141,1357
141,1652
141,1659
141,1742
141,324
142,1113
142,1989
142,1927
142,1998
142,118
142,1174
142,43
142,111
143,369
143,1642
143,1855
143,1949
143,1329
143,1542
144,1719
144,1156
144,118
145,1321
145,1709
145,1870
145,780
145,768
145,1543
146,1990
146,53
146,90
146,791
148,1296
148,1377
148,791
148,1690
148,1692
149,1890
149,1500
149,1505
149,1953
149,1971
150,1112
150,535
150,1166
150,1216
150,1372
150,1680
150,1678
150,1211
151,1212
151,1359
151,1461
151,1561
151,1629
151,1879
151,1937
151,1666
152,1331
152,1818
152,116
152,28
152,100
152,946
153,1190
153,1588
153,1700
153,1728
153,148
153,105
153,1636
154,1723
154,1911
154,141
154,580
154,1177
154,1573
154,1248
154,1952
154,1788
155,1876
155,127
156,1430
156,1632
156,1642
156,1664
156,1832
156,1829
156,1469
157,1434
157,1529
157,1873
157,1699
157,1868
157,1143
157,1620
157,1663
158,1423
159,1812
159,1611
159,29
159,48
159,1854
159,132
160,5
160,1719
160,47
160,1524
160,1720
161,1387
161,1672
161,447
161,78
161,1178
162,1864
162,1919
162,1761
163,1980
163,1908
164,1767
164,1391
164,136
165,1634
165,269
165,1166
165,1593
165,1647
165,1525
166,1629
166,1666
166,1821
166,108
166,1566
167,1282
167,1449
167,1940
167,1983
168,1401
168,424
168,1311
168,1877
168,143
168,1339
168,1513
170,1207
170,1721
171,1953
171,1757
171,1753
171,1658
171,1625
172,779
172,1868
172,148
172,1620
172,1594
172,1276
173,1490
173,1337
173,1713
174,1165
174,1818
174,1953
174,1286
174,1684
174,1159
175,1068
175,1853
175,1199
175,1885
175,1706
175,1856
176,1332
176,1397
176,1141
177,1654
177,63
177,112
177,170
177,1218
178,1236
178,1838
178,49
178,1322
178,11
178,1786
178,1691
179,1832
179,1425
179,1164
179,148
180,1934
180,1668
181,735
181,43
181,1540
181,1834
181,1731
181,26
181,17
181,1790
181,72
181,1751
182,213
182,1404
182,1519
182,1587
182,146
182,1596
183,1323
183,1446
183,1513
183,1587
183,1596
183,1700
183,1785
183,1987
183,1829
183,132
184,1135
184,1169
184,1360
184,1407
184,1203
184,1409
184,1822
185,1035
185,1832
185,143
185,1377
185,1572
186,93
186,6
187,136
187,1151
187,1684
187,1578
188,1989
188,1375
188,74
189,1144
189,1295
189,1418
189,1847
189,1919
189,120
189,1179
189,1338
189,1741
190,1834
190,1264
190,1786
190,1892
190,1838
190,990
190,74
190,1969
191,113
192,1756
192,1574
192,1774
192,1815
192,1852
192,83
192,1472
193,1967
193,1156
193,1524
193,1720
193,1166
193,1597
193,1634
194,1118
194,1593
194,138
194,1166
194,47
195,1570
195,1682
195,924
195,1301
195,1450
195,150
195,1524
196,1846
196,1981
196,112
197,1128
197,1203
197,4
197,1671
198,1510
198,71
198,181
198,1758
198,1787
198,746
198,34
198,142
199,558
199,83
200,1196
200,1485
200,1739
200,53
200,1600
200,12
201,1956
201,1711
201,1984
201,1708
201,1663
202,1890
203,1856
203,1315
203,1527
203,1666
203,1670
203,100
203,1907
204,1352
204,1594
204,1929
204,1413
204,124
205,1254
205,1398
205,1591
205,1891
205,768
205,1791
205,1822
206,1322
206,1787
206,1826
206,1998
206,1136
206,1393
206,1236
206,142
207,1900
207,1734
207,1148
207,1701
207,1475
208,181
208,48
208,1689
208,657
208,1187
208,1962
208,1459
208,1268
209,1270
209,1068
209,51
209,1561
209,1614
209,1885
209,1243
210,291
210,22
210,1679
211,1711
211,1426
211,1292
212,890
212,1888
212,1965
212,1752
212,120
212,1671
214,1821
214,1887
214,175
214,210
214,1239
214,1131
214,291
215,94
215,1968
215,1766
216,1379
216,1531
216,1869
217,1170
217,1342
217,1797
217,735
217,746
217,34
218,1147
218,1327
218,1610
218,115
218,189
218,1200
218,119
218,1473
218,1193
219,1368
219,1002
219,1165
219,1658
219,1748
219,1757
219,10
219,171
219,136
219,1253
220,1369
220,1575
220,1622
220,99
220,1260
220,1137
221,1967
221,70
221,90
221,1301
221,1138
221,1205
222,1332
222,1411
222,1515
222,1673
222,1686
222,291
223,1279
223,1362
223,1696
223,1784
223,1962
223,192
226,1388
226,33
226,140
226,170
226,1847
226,1771
226,824
227,1516
227,9
227,40
228,557
228,624
228,1905
228,1970
228,1349
228,88
228,1353
229,1989
229,1230
229,1285
229,1786
229,1540
229,1758
229,109
232,780
232,1409
232,1836
232,1870
232,1913
232,66
232,163
232,205
232,1466
232,1350
232,1563
232,1591
232,1893
233,1834
233,602
233,1342
233,190
233,230
233,1183
233,1998
233,3
234,1780
234,1819
234,10
234,1681
234,1724
234,69
234,1683
234,946
235,1001
235,1305
235,1343
235,1345
235,1614
235,1743
235,35
235,176
235,100
237,824
237,1595
237,1725
237,33
238,1180
238,1385
238,1592
238,1665
238,1870
238,1891
238,66
238,92
238,161
238,1714
238,106
238,1671
238,1171
238,1791
239,1121
239,1643
239,1117
239,1358
239,1434
239,1206
239,1984
239,1556
240,1187
240,1611
240,1750
240,1802
240,1901
241,1146
241,1803
241,1841
242,1502
242,1995
242,1489
242,1143
242,36
243,1001
243,1679
243,502
243,220
243,222
243,1668
243,214
243,1685
244,1754
244,1930
244,1962
244,23
244,1940
244,1298
245,1266
245,1576
245,1950
245,238
246,178
246,190
246,1285
246,142
246,1294
246,109
247,1290
247,1523
248,1638
248,1465
248,1448
249,1998
249,217
249,1797
249,1814
250,902
250,1425
250,23
251,669
251,1365
251,1930
251,192
251,215
251,29
251,1983
252,1113
252,1797
252,41
252,1874
252,1236
252,11
253,1578
253,1748
253,1501
253,1808
253,114
253,149
254,1629
254,35
254,64
254,113
254,1477
255,67
255,1628
255,1782
255,1372
255,1828
255,1499
255,1138
255,535
255,269
256,1441
256,11
256,1921
256,1381
257,602
257,1558
257,1986
257,171
257,569
257,181
258,1279
259,1353
259,1761
259,1456
259,1349
260,1224
260,1956
260,1806
260,1873
260,1134
260,1489
260,1648
260,1621
261,335
261,1057
261,1418
261,1456
261,1925
261,1115
262,1265
262,1385
262,1752
262,1128
262,1361
263,824
263,1846
263,1214
264,1424
264,185
264,1877
265,1545
265,1417
265,1681
265,1824
265,1966
265,174
265,1688
265,173
266,902
266,1854
266,40
266,215
266,159
266,227
267,1552
267,33
267,1531
267,135
268,824
268,1531
268,1762
268,1300
268,1386
268,1650
268,1363
270,1422
270,1903
270,226
270,1986
271,1845
271,1148
271,1873
271,1806
271,1134
271,1643
271,1584
271,1701
272,1501
272,1890
272,946
272,1126
272,1783
272,1261
273,1554
273,1910
273,62
273,1150
273,1427
273,1505
274,103
274,243
274,1201
274,35
274,1315
274,413
275,1245
275,231
275,164
275,1079
276,1552
276,1610
276,218
276,1705
276,1694
277,1468
277,1242
277,1830
277,1984
277,1547
277,1148
278,1568
278,1459
278,1635
278,1986
278,16
278,1689
279,1164
279,198
279,6
279,1324
279,1730
279,1454
279,1329
280,1112
281,1971
281,1261
281,1843
281,244
281,1402
281,1500
281,1416
282,1446
282,1271
282,1572
282,1549
282,0
282,1401
282,1146
283,1240
283,1331
283,1818
283,1899
283,174
283,194
283,1213
283,1824
284,1895
284,122
284,170
284,1902
285,1704
285,57
285,120
285,196
285,1246
286,1818
286,1917
286,1598
286,1163
286,1793
287,1120
287,1561
287,1806
287,137
287,1743
287,1885
287,237
287,1934
287,1397
287,1068
287,1686
288,624
288,1535
288,1349
288,1431
288,1300
288,1905
289,702
289,1324
289,185
289,93
289,1401
289,1632
290,1170
290,1342
290,1797
290,1903
290,43
290,252
290,1293
290,1503
290,1285
291,1212
292,957
292,1353
292,1283
292,1123
292,37
292,1535
292,1218
293,1165
293,1253
293,1713
293,275
293,1419
294,768
294,1237
294,262
294,205
294,1836
294,1254
295,1351
295,1522
295,1837
295,1947
295,99
296,1206
296,1276
296,128
296,1529
296,1557
296,347
296,127
297,1356
297,1649
297,1957
297,1306
297,184
297,1908
297,245
297,1412
297,1173
297,1672
298,1946
298,1540
298,229
298,1170
298,1195
299,1243
299,1885
299,1769
299,1397
299,1686
299,691
299,1270
300,1390
300,1321
300,1385
300,1591
300,1891
300,1988
300,184
300,212
301,1363
301,1400
301,1985
303,1241
303,1822
303,197
303,1380
304,524
304,657
304,868
304,1365
304,1298
304,1750
305,1228
305,29
305,304
305,1857
306,1079
306,946
306,39
307,1801
307,217
307,230
307,1726
307,602
307,1927
307,3
308,1980
308,163
308,1360
308,1888
308,300
308,1665
308,1599
308,1612
309,291
309,1305
309,1997
309,137
310,55
310,228
310,1938
310,1057
310,1400
310,1771
311,1323
311,1125
311,1669
311,1942
311,1936
312,1348
312,114
312,1684
313,225
314,1802
314,1948
314,215
314,1267
314,86
315,1245
315,1419
315,1598
315,265
315,1240
315,202
315,221
315,1735
315,174
315,1713
315,1684
316,1207
316,1218
316,1115
316,1379
316,1970
316,1925
317,990
317,1992
318,1252
318,1836
318,1615
318,163
318,1888
318,1827
318,1652
318,1321
318,1950
318,1742
318,1135
319,1177
319,1278
319,1313
319,1481
319,1485
319,1505
319,1951
319,813
320,1167
320,1513
320,1633
320,1739
320,1768
320,264
320,288
320,1803
320,279
320,1789
321,1535
321,1610
322,1734
322,1148
322,1244
322,1389
322,1460
322,1693
322,1941
322,201
322,1529
322,1406
323,613
323,1141
323,1397
323,502
323,1332
325,1239
325,214
325,291
325,1304
326,1143
326,1693
326,1922
326,127
326,846
326,1132
327,591
327,1339
327,1476
327,1504
327,183
327,1829
327,1789
327,273
327,1949
328,1319
328,94
328,116
328,199
328,227
328,1940
328,40
328,48
328,1756
328,1852
329,868
329,1303
329,1689
329,251
329,1750
329,1940
330,1300
330,37
330,88
330,226
330,292
330,1235
330,1654
331,1219
331,42
331,298
331,1903
331,1897
332,1664
332,320
332,791
332,1739
333,1212
333,1679
334,308
334,1599
334,1571
334,1173
334,1265
334,768
337,1856
337,413
337,65
337,1673
337,1566
337,243
338,1113
338,1420
338,1874
338,1758
338,304
338,1904
338,1336
338,109
338,290
338,134
338,1195
339,147
339,182
339,1811
339,1700
339,380
339,6
339,1476
339,289
339,1513
339,1884
340,1112
340,491
340,1188
340,1776
340,21
340,193
340,263
340,924
340,1548
341,402
341,157
341,322
342,51
342,175
342,1527
342,1887
342,139
342,222
343,1400
343,177
343,1295
343,1246
344,1200
344,1453
344,1582
344,1938
344,218
344,1353
344,1327
345,1272
345,1360
345,1991
345,123
345,1659
345,1385
345,324
346,1568
346,1282
346,1933
346,1696
346,32
346,244
348,1201
348,291
348,1795
348,1937
348,1926
349,1359
349,1477
349,1972
349,151
349,306
349,1515
349,1312
350,1801
350,1441
350,1605
350,1758
350,305
350,1826
350,1299
350,3
350,111
351,1233
351,190
351,34
351,307
351,1294
351,1786
351,1691
352,1121
352,1628
352,204
352,242
352,239
352,1175
352,1433
352,1975
352,1845
352,140
353,158
353,1492
353,1522
353,1775
353,1788
353,1335
353,1910
354,1639
354,1170
355,1778
355,1297
355,1369
355,1145
356,879
356,1228
356,1805
356,1857
356,305
356,458
357,1125
357,1392
357,1525
357,89
357,118
357,193
357,340
357,5
358,1889
358,280
359,1355
359,1588
359,12
359,1987
359,1311
360,1985
360,73
360,1609
360,63
360,1654
361,1543
361,1321
361,1412
362,1286
362,1500
362,1601
363,1688
363,79
363,1578
363,1899
363,1151
364,1224
364,1479
364,1734
364,1779
364,1134
364,1648
364,1964
364,513
364,1663
365,74
365,178
365,1986
365,1758
365,1998
365,3
366,1465
366,1840
366,1854
366,116
366,240
366,304
366,1857
367,1384
367,1469
367,168
367,1311
367,1146
367,1476
367,1829
367,1324
368,1946
368,1336
369,0
370,1946
370,270
370,111
370,1958
370,365
370,1455
371,1683
371,1819
371,1601
371,1368
371,69
371,435
372,1638
372,1774
372,350
372,346
372,1408
373,1418
373,1595
373,1770
373,1846
373,55
373,1523
373,1235
373,119
374,1213
374,1932
374,39
374,1712
374,54
374,1500
375,1184
375,1196
375,1454
375,1789
375,179
375,1588
375,352
375,1384
375,1616
375,1728
375,1367
375,185
376,1195
376,1639
376,1827
376,1927
376,109
377,295
377,1947
377,1657
378,1327
378,177
378,310
378,1162
378,360
379,302
379,1206
379,1242
379,1310
379,1224
379,211
379,1486
380,0
381,1434
381,1433
381,204
381,239
381,322
381,1701
381,1900
381,1389
381,341
382,1134
382,1333
382,140
382,1779
382,1434
383,224
383,1443
383,1541
383,1583
383,98
383,1156
383,47
384,1779
384,1648
384,1655
384,1922
384,299
384,1121
384,317
385,1823
385,1560
385,304
385,346
385,40
385,1852
385,192
386,1272
386,1576
386,184
386,1577
387,1624
387,62
387,97
387,1492
387,1145
388,1601
388,1151
388,1843
388,1161
388,149
389,1406
389,1547
389,365
389,1486
389,1433
390,447
390,1649
392,591
392,1399
392,1454
392,1949
392,153
392,179
392,1167
392,1430
392,185
393,1420
393,1872
394,1131
394,1332
394,1415
394,1686
394,1821
394,51
394,222
394,1312
394,1862
394,299
394,1706
394,1239
394,1685
394,502
395,1538
395,1613
395,1630
395,1910
395,1977
396,1291
396,1952
396,362
396,334
396,1341
396,1335
396,1488
397,1335
397,1480
397,1521
397,62
397,99
397,220
398,1115
398,1846
398,1925
398,162
398,263
398,342
398,1238
398,55
398,1451
398,1431
398,1895
399,1303
399,669
399,1268
399,1689
399,278
399,1901
400,1315
400,1515
400,1673
400,1862
400,103
400,1239
401,1367
401,327
401,359
401,1789
401,1430
401,1858
402,1468
403,224
403,47
403,1618
403,126
403,383
403,1702
403,1958
403,68
403,1626
404,1379
404,1115
404,259
404,1214
404,557
404,276
405,312
405,1890
405,1898
405,1348
405,1280
405,1159
406,1660
406,1711
406,120
406,340
406,1479
406,389
406,155
406,204
406,271
406,1860
407,657
407,1334
407,328
407,458
407,116
407,1784
407,1282
407,1933
408,1147
408,1771
408,77
408,1157
408,1610
408,1374
408,1895
408,288
409,1617
409,98
409,13
409,1925
409,1536
409,89
410,1352
410,155
410,1779
410,389
410,124
410,406
410,364
410,1529
410,1984
410,207
410,1956
411,1334
411,1449
411,1920
411,167
411,1675
411,1208
411,385
412,1976
412,1196
412,1367
412,289
413,1668
413,102
414,935
414,1958
414,150
414,255
414,1452
414,194
414,1421
415,1690
415,1140
415,1155
415,1880
415,367
415,1513
415,1728
415,156
415,186
416,1368
416,1258
417,1543
417,1659
417,1836
417,232
417,345
417,768
418,1476
418,67
418,415
418,1035
418,1339
418,1700
418,320
418,1311
419,1499
419,1860
419,406
419,846
419,393
419,1132
419,1867
420,1145
420,110
420,1225
420,1488
421,1475
421,1703
421,326
421,127
421,271
422,1168
422,1967
422,1371
422,1541
422,1697
422,1781
423,1001
423,1131
423,1160
423,1509
423,287
423,1461
423,274
423,1804
423,1871
424,369
425,112
425,1847
425,1451
426,1117
426,1134
426,1517
426,1529
426,1984
426,296
426,1274
427,255
427,1227
427,1168
428,1856
428,1934
428,52
428,379
428,254
428,1315
428,180
429,1357
429,1203
429,1893
429,1957
429,7
429,390
429,1576
429,1390
429,184
430,1251
430,1481
430,1485
430,1788
430,395
430,1494
430,1291
430,420
431,181
431,569
431,351
431,178
431,1381
431,1838
431,72
432,1160
432,1866
432,1944
432,1972
432,1263
432,416
432,1120
432,1629
432,1239
433,713
433,1576
433,1928
433,197
433,1791
433,1652
433,1178
434,624
434,1435
434,398
434,1741
434,1363
434,1395
434,1809
434,1938
435,1368
436,169
436,1553
436,1683
436,272
437,1272
437,1665
437,141
437,1791
437,308
437,1197
437,1178
438,1187
438,1852
438,44
438,1611
438,94
439,1526
439,1737
439,182
439,289
439,1588
439,185
439,264
440,1193
440,1771
440,1395
440,1694
440,1667
440,1456
440,1863
441,1158
441,1342
441,1264
441,74
441,1749
441,1992
441,1691
441,1174
442,1476
442,1700
442,1949
442,1990
442,264
443,27
443,120
443,218
443,267
443,1456
444,1375
444,1790
444,1394
444,1879
444,1567
445,1706
445,1821
445,1944
445,1795
445,1160
445,100
445,51
448,979
448,1144
448,1607
448,284
448,398
448,1846
449,1177
449,1278
449,1909
449,282
449,1982
449,1251
449,1297
449,1695
449,110
450,1179
450,1346
450,1582
450,259
450,1809
450,310
450,135
450,1603
450,1704
451,1756
451,458
451,1013
451,1362
451,29
451,346
452,1501
452,1002
452,234
452,1445
452,19
452,405
452,174
452,149
452,1553
453,1889
453,1256
453,1351
453,1427
453,353
453,18
453,1442
453,1788
453,295
453,90
454,1115
454,1338
454,1603
454,1473
454,218
454,1218
454,135
455,1870
455,1249
455,417
455,141
455,184
455,1571
456,1286
456,1825
456,283
456,1772
456,1331
456,1501
456,374
456,121
457,1455
457,71
457,391
457,178
458,1901
458,1823
459,1423
459,1440
459,1554
459,99
459,273
459,355
459,1538
459,449
459,1139
459,1775
459,280
460,25
460,1236
460,1455
460,1508
460,1872
460,198
460,217
461,1376
461,442
461,8
462,1810
462,1870
462,1306
463,147
463,1803
463,1829
463,1469
463,1616
463,143
464,1521
464,377
464,1204
464,1251
464,1520
465,1164
465,1339
465,1550
465,1600
465,401
465,1399
465,1401
465,1877
465,418
465,168
466,1383
466,1641
466,1930
466,1497
466,1365
466,1382
466,1370
467,1183
467,1340
467,1422
467,49
467,81
467,230
467,1943
467,1342
467,1814
468,1147
468,321
468,189
468,1300
468,1721
470,1646
470,1781
470,1796
470,1452
470,98
470,1215
471,1299
471,1943
471,376
471,441
471,1322
471,1800
471,74
471,1336
472,1156
472,1495
472,21
472,1626
472,1579
472,13
472,1882
472,1590
472,195
472,1372
473,1426
473,1806
473,1964
473,1993
473,207
473,421
473,1206
473,1310
473,1631
474,1147
474,1863
474,1157
474,63
474,1846
475,1645
475,824
475,1607
475,1610
475,1771
475,1207
475,1379
475,1694
476,1113
476,1394
476,1540
476,1710
476,229
476,1174
477,1148
477,1292
477,1676
477,326
477,389
477,127
478,1568
478,1448
478,1955
478,250
478,131
478,1101
478,1940
479,1318
479,1894
479,9
479,524
479,411
480,1668
480,1212
480,113
481,546
481,473
481,1745
481,342
482,1504
482,1877
482,320
482,359
482,274
482,59
482,1146
482,186
483,1267
483,1497
483,1564
483,1198
483,1568
483,1815
483,1729
483,1530
484,1978
484,1314
484,1351
484,110
484,1935
484,461
485,1783
485,1966
485,1432
485,1681
485,1627
485,312
485,283
485,1824
485,1501
486,1251
486,366
486,1116
486,280
487,1329
487,1430
487,1785
487,418
487,1542
487,1140
487,1519
487,186
487,1367
488,1503
488,1540
488,1816
488,350
488,441
488,1510
488,190
488,1294
488,1758
488,1801
488,1174
489,1740
489,1994
489,1564
489,407
490,1696
490,489
490,1729
490,159
490,1344
492,1351
492,1952
492,403
492,1945
492,1192
492,97
492,1909
492,1423
493,1223
493,1153
493,1267
493,1948
493,131
493,1940
494,1831
494,222
494,175
494,1885
494,1527
494,1821
494,1119
494,1415
495,1246
495,1363
495,1985
495,425
495,1847
495,122
495,1721
496,1157
496,1123
496,1905
496,112
496,162
496,434
496,38
496,1902
496,1938
496,237
496,177
497,1857
497,1239
497,1784
497,1962
497,1267
498,1246
498,1582
498,1609
498,189
498,226
498,1704
498,434
498,1869
498,624
499,1845
499,302
499,155
499,204
499,410
499,1960
499,382
499,1475
500,857
500,1171
500,1882
500,1936
500,1309
500,311
500,255
500,1524
500,1579
501,1690
501,327
501,156
501,1526
501,185
503,1478
503,153
503,183
503,1811
503,59
504,868
504,1344
504,40
504,240
504,1516
504,1815
504,304
504,1857
505,1155
505,1399
505,457
506,1138
506,1495
506,427
506,1958
506,1720
507,580
507,1835
507,461
507,1909
507,18
507,90
507,1889
507,1585
508,1211
508,1936
508,427
508,1781
508,1617
508,1570
508,1205
508,1316
509,1177
509,1369
509,1442
509,97
509,420
509,453
509,1297
509,1251
509,1585
510,1209
510,72
510,431
510,49
510,488
510,1455
510,1986
510,181
510,1834
511,1287
511,1367
511,1632
511,1700
511,1829
511,392
511,1973
511,1880
512,1752
512,1755
512,4
512,308
512,300
512,1563
512,1580
512,318
513,1601
513,1923
514,1662
514,1772
514,1886
514,283
514,1681
514,1124
515,1390
515,1652
515,1957
515,334
515,145
515,1659
515,1591
515,361
516,1421
516,1936
517,1623
517,1278
517,1444
517,1565
517,1630
517,1910
517,1139
518,1474
518,1628
518,1929
518,128
518,204
518,1621
518,1746
518,260
518,1727
519,1399
519,1404
519,1296
519,1990
520,335
520,38
520,112
520,228
520,344
520,1539
520,1582
521,779
521,36
521,1547
521,1643
521,402
522,224
522,1156
522,1626
522,131
522,506
522,75
522,1796
522,757
522,1438
523,1479
523,846
523,1620
523,1648
523,1475
523,1621
523,1699
523,421
524,1223
525,1148
525,326
525,1557
525,518
525,1620
526,924
526,448
526,1168
526,1211
526,1392
527,1895
527,33
527,57
527,448
527,1193
527,1555
527,1200
527,1981
528,1161
528,1625
528,1953
528,1793
529,1170
529,1219
529,1342
529,1749
529,457
529,1581
529,370
530,1135
530,891
530,1266
530,1752
530,1979
530,232
530,238
530,303
530,433
530,294
530,1237
530,1357
530,1957
530,1709
530,123
531,1297
531,1440
531,1522
531,1532
531,1977
531,97
531,397
531,1369
531,1945
532,1323
532,1125
532,1164
532,160
532,403
532,1942
532,193
533,1131
533,1527
533,210
533,441
533,465
533,1343
533,1813
533,1887
533,1330
534,151
534,222
534,445
534,1243
534,1686
534,349
534,1304
536,1464
536,1600
536,1604
536,1146
536,1296
536,1829
536,380
537,1229
537,1414
537,1772
537,54
537,293
537,1780
537,149
537,1286
537,283
537,265
538,1249
538,303
538,345
538,60
538,1267
538,447
538,1135
538,1615
538,106
539,924
539,1640
539,1646
539,1711
539,15
539,70
539,1262
539,532
540,1310
540,1547
541,1201
541,35
541,287
541,1243
542,1726
542,229
542,1233
543,1264
543,1394
543,17
543,49
543,1289
543,459
543,1892
543,1294
544,114
544,1280
544,1999
544,1848
544,1767
544,1391
544,306
545,1145
545,1376
545,90
545,353
545,1573
545,1481
545,1423
547,265
547,1151
547,1681
548,1507
548,1640
548,311
548,98
548,1216
548,1602
549,0
549,1700
549,1924
549,105
549,1504
549,1858
549,1832
549,1404
549,1526
549,1446
549,236
550,1519
550,1550
550,1877
550,339
550,418
550,1339
550,359
551,1329
551,1339
551,1519
551,375
551,392
551,369
551,1717
551,1829
551,1572
551,380
551,1504
551,146
551,182
552,1198
552,879
552,490
552,1994
552,411
553,1404
553,418
553,501
553,168
553,1884
553,1642
553,1469
553,1924
553,791
554,8
554,295
554,397
554,507
554,545
554,1889
554,273
554,1440
554,1494
555,1139
555,486
555,1281
556,1243
556,1458
556,1644
556,1944
558,1823
558,458
559,1153
559,244
559,251
559,1447
559,558
559,1307
560,613
560,1222
560,1315
560,1405
560,51
560,139
560,203
560,432
561,902
561,1228
561,83
561,86
561,130
561,364
561,372
561,1493
561,1698
561,1815
561,1805
562,735
562,1236
562,1691
562,1255
562,256
563,1816
563,338
563,476
563,206
563,1904
563,72
564,1871
564,309
564,560
564,1263
564,1851
565,1790
565,391
565,467
565,1170
565,1874
565,1691
566,1710
566,565
566,467
566,1217
567,1566
567,1831
567,1515
567,1849
568,1217
568,42
568,252
568,990
568,368
570,1377
570,1384
570,1987
570,156
570,179
570,279
570,1636
571,1199
571,1302
571,1496
571,1629
571,1831
571,299
571,534
571,1405
571,1673
572,890
572,1563
572,455
572,1576
572,523
572,780
572,1928
572,713
572,66
572,1357
573,1216
573,1796
573,539
573,470
573,522
573,340
573,1118
573,269
574,236
574,1513
574,1633
574,1768
574,327
574,465
574,1146
574,332
574,1401
574,442
574,1377
574,1841
575,1812
575,1530
575,1560
575,1994
575,208
575,483
575,1738
576,1226
576,1330
576,1461
576,1477
576,1866
576,1926
576,337
576,432
576,423
576,1792
576,1687
577,1178
577,1652
577,1752
577,1959
577,163
577,294
577,300
577,1979
577,262
577,1484
577,1114
578,213
578,1692
578,463
578,1850
578,494
578,490
578,482
578,1924
578,1185
578,61
578,1730
579,1887
579,1926
579,1997
579,564
579,291
579,1120
579,1792
579,567
579,1509
581,1181
581,1879
581,1997
581,691
581,349
581,1199
581,1231
581,1670
582,1259
582,1810
582,462
582,1677
582,1356
582,1891
582,1665
582,1913
582,361
583,1001
583,1068
583,1226
583,576
583,1614
584,1
584,1529
584,1929
584,1975
584,127
584,421
584,426
584,1860
584,326
585,224
585,340
585,530
585,1172
585,520
585,539
586,1210
586,1561
586,1666
586,274
586,325
586,180
586,1795
586,1304
586,564
586,1849
587,1912
587,180
587,1181
587,1305
587,235
587,1871
587,1862
587,22
587,534
587,214
587,1239
587,103
587,1831
587,546
588,58
588,1702
588,1586
588,1371
588,1570
588,1443
588,1463
589,1689
589,64
589,356
589,478
589,101
589,125
589,1641
589,1962
589,1383
590,1812
590,1198
590,1267
590,1383
590,1497
590,1766
590,489
590,248
590,258
590,159
590,1815
590,329
592,336
592,1259
592,1272
592,1576
592,161
592,429
592,1543
592,1893
592,212
593,868
593,490
593,83
593,438
594,768
594,1891
594,84
594,1591
594,891
594,582
594,1833
594,1576
594,1122
595,191
595,22
595,576
595,613
595,100
595,1343
596,0
596,1404
596,1478
596,105
596,1841
596,182
596,1373
596,1339
596,1146
596,1739
596,289
597,1813
597,1509
597,1644
597,1131
597,235
598,857
598,1194
598,1733
598,1796
598,935
598,1118
598,118
598,104
598,1188
598,194
599,425
599,520
599,1353
599,408
599,120
599,57
599,216
599,1246
600,258
600,1516
600,1754
600,44
600,1127
601,1204
601,1288
601,1351
601,1695
601,1835
601,110
601,154
603,1538
603,517
603,550
603,1297
603,531
603,835
603,18
603,1177
603,62
604,791
604,1287
604,1377
604,1513
604,1519
604,1537
604,243
604,578
604,1355
604,439
604,1146
604,1384
604,153
604,1367
604,101
605,1872
605,71
605,246
605,476
605,1219
605,1892
605,365
605,1605
606,1889
606,486
606,1837
606,1982
607,1229
607,1284
607,1713
607,265
607,1002
607,1240
607,1165
607,1261
607,456
608,1340
608,365
608,1322
608,1183
608,1758
608,1467
608,246
608,1786
608,467
609,1190
609,1690
609,1384
609,179
609,1700
609,604
609,1976
609,332
610,458
610,1465
610,30
610,478
610,240
611,1125
611,1211
611,1707
611,535
611,1597
612,813
612,1488
612,1982
612,154
612,220
612,420
612,555
612,1444
612,1145
612,1485
612,1889
612,1150
612,486
614,1708
614,1711
614,525
614,172
614,521
614,499
614,1779
614,540
614,410
614,1883
614,242
615,1132
615,1584
615,96
615,518
615,1663
615,260
615,1499
615,1502
615,1403
615,1643
615,473
616,1908
616,1959
616,1409
616,1122
616,1237
616,297
616,1114
616,1173
616,45
616,245
616,572
616,308
616,1810
616,890
617,1656
617,1171
617,1719
617,13
617,1211
617,1301
617,1421
617,1215
617,165
617,1443
617,1273
617,1678
618,1218
618,1770
618,1985
618,216
618,582
618,1200
618,373
618,1667
619,1395
619,1915
619,218
619,1214
619,1470
620,1224
620,347
620,1292
620,1620
620,1900
620,96
620,172
620,406
620,574
620,1984
620,1845
621,1376
621,1630
621,1910
621,1520
621,1522
622,446
622,47
622,1188
622,1410
622,1602
622,472
622,522
622,1273
623,36
623,1278
623,430
623,453
623,555
623,1139
623,1569
623,24
623,459
624,147
624,1157
625,1801
625,1191
625,1751
625,217
625,1927
625,354
626,1557
626,1923
626,1746
626,598
626,1708
626,1489
626,584
626,1276
627,813
627,1130
627,1488
627,397
627,486
627,492
627,1505
627,1575
627,1554
627,1133
628,1878
628,1359
628,348
628,394
628,553
628,1743
628,1515
628,176
628,108
628,203
628,52
629,1556
629,1434
629,1389
629,1727
629,1873
629,1922
629,584
629,1358
629,1148
629,1529
629,1242
629,402
629,1876
630,1725
630,1761
630,285
630,448
631,1791
631,297
631,184
631,46
631,1752
631,1357
631,1959
632,1189
632,597
632,1851
632,1477
633,1434
633,1557
633,1474
633,1711
633,1746
633,1529
633,382
633,406
634,180
634,1222
634,1944
634,1972
634,51
634,209
634,1397
634,564
634,254
636,1204
636,99
636,129
636,1487
636,1889
636,397
636,1281
636,623
636,1269
637,1780
637,173
637,416
637,1257
637,1757
637,114
637,1772
638,1489
638,1529
638,242
638,243
638,271
638,381
638,296
638,1290
638,1718
638,402
639,1349
639,1470
639,1974
639,196
639,378
639,474
639,1981
639,957
639,1603
639,285
639,619
640,380
640,1164
640,1550
640,1469
640,392
640,1596
640,1728
640,519
641,1519
641,1046
641,1296
641,640
641,553
641,1664
641,148
642,1002
642,1245
642,1331
642,1627
642,19
642,164
642,1126
642,1551
642,1391
642,1824
642,1753
643,424
643,1339
643,1633
643,1692
643,1841
643,185
643,641
644,1486
644,1655
644,1868
644,1961
644,1975
644,1929
644,1556
644,1923
645,1179
645,1654
645,196
645,1453
645,122
645,549
646,147
646,1446
646,213
646,0
647,1568
647,1228
647,1530
647,1689
647,1852
647,30
647,64
647,215
647,478
647,479
647,1823
647,1223
647,1948
648,1382
648,86
648,466
648,23
648,1187
649,1634
649,1090
649,1273
649,1646
649,13
649,1421
649,1597
649,138
649,107
649,221
650,1207
650,1238
650,226
650,404
650,1667
650,1295
650,1456
651,1303
651,1370
651,1955
651,1962
651,94
651,131
651,407
651,478
652,1501
652,1229
652,1391
652,1419
652,1662
652,1757
652,1971
652,680
652,1490
653,1396
653,1854
653,1983
653,86
653,251
653,385
653,559
653,1362
653,600
653,1267
653,1807
653,552
653,1729
653,29
654,1090
654,1707
654,1782
654,107
654,1593
654,1392
654,47
655,1923
655,1435
655,1711
655,1718
655,172
655,302
655,421
655,277
655,1806
655,1426
655,1975
656,1322
656,1393
656,1546
656,1758
656,1797
656,563
656,338
656,331
656,1299
657,524
658,1365
658,1564
658,192
658,1568
658,1859
659,1490
659,435
659,1002
659,1129
659,1240
659,1258
659,1308
659,1971
659,362
659,528
659,1713
659,121
659,1414
659,514
660,1656
660,47
660,1090
660,1606
660,1626
660,195
660,221
660,1316
660,1773
660,427
660,1906
660,1323
661,1391
661,1419
661,1662
661,1953
661,312
661,69
661,1999
661,2
662,1734
662,302
662,1244
662,1703
662,1727
662,1873
662,633
662,584
663,137
663,400
663,597
663,333
664,768
664,1249
664,1398
664,1659
664,1979
664,161
664,572
664,1197
664,1135
664,1599
665,1204
665,1442
665,1982
665,1137
665,1444
665,1427
666,1126
666,1483
666,1789
666,544
666,668
666,286
666,1445
666,1253
666,659
667,1878
667,1673
667,1926
667,175
667,534
667,663
667,51
667,546
667,1668
670,1892
670,142
670,252
670,568
670,206
671,280
671,1837
671,397
671,461
671,545
671,99
671,601
671,1427
671,555
672,1900
672,1929
672,532
672,1486
672,322
672,1883
672,204
672,406
672,779
672,521
672,1663
673,36
673,1244
673,1352
673,1413
673,1529
673,1746
673,172
673,621
673,540
673,242
673,1547
673,1534
673,1701
674,1532
674,387
674,1522
674,397
675,1729
675,48
675,552
675,561
675,651
675,1514
675,250
675,879
675,1861
676,1583
676,1942
676,1372
676,1216
676,617
676,1541
677,1245
677,121
677,388
677,1229
677,1079
677,1954
677,1159
677,1129
678,1119
678,1302
678,1879
678,560
678,137
678,1878
679,1507
679,118
679,340
679,506
679,522
679,539
679,1906
679,1773
679,1168
680,1445
680,668
680,114
680,1490
681,1767
681,724
681,1213
681,1578
681,39
681,405
681,637
682,1272
682,1571
682,1577
682,197
682,318
682,345
682,616
682,1387
682,1398
682,184
683,1310
683,1435
683,1631
683,1961
683,672
683,662
683,204
683,1845
683,1764
683,477
683,124
683,341
684,668
684,1724
684,1247
684,435
684,1898
684,1601
684,1159
685,1745
685,413
685,1527
685,1769
685,1997
685,502
685,628
686,1313
686,1657
686,397
686,1532
687,380
687,1366
687,1692
687,1728
687,1841
687,282
687,505
687,1526
687,1829
687,1329
687,412
687,1196
688,1738
688,131
688,16
688,29
688,1852
689,1982
689,18
689,464
689,1788
689,280
690,1611
690,159
690,346
690,83
690,610
690,466
690,1282
690,240
691,1212
691,1912
692,18
692,56
692,99
692,220
692,492
692,387
692,1569
692,377
693,935
693,1392
693,1452
693,1562
693,1796
693,255
693,1782
693,1828
694,202
694,152
694,577
694,637
694,1578
694,537
694,19
695,1843
695,121
695,456
695,363
695,514
695,642
695,1966
695,1257
696,1668
696,323
696,333
696,625
696,1120
697,846
697,1426
697,1993
697,326
697,521
697,1406
697,674
697,128
698,1420
698,1639
698,1710
698,1722
698,488
698,1264
698,1289
699,990
699,298
699,543
699,566
699,365
699,1639
699,1897
699,670
700,1698
700,199
700,356
700,504
700,577
700,329
700,1774
700,674
700,1962
700,1854
701,1398
701,1365
701,417
701,1665
701,1709
701,1652
701,345
702,369
702,1323
703,447
703,891
703,1652
703,1988
703,212
703,1266
704,1336
704,1921
704,72
704,74
704,270
704,338
704,676
704,562
704,1722
704,1294
705,1605
705,249
705,431
706,1734
706,1333
706,1584
706,352
706,421
706,1711
706,1620
706,1462
707,580
707,1326
707,1485
707,1565
707,1314
707,686
707,355
707,90
708,1207
708,1238
708,1473
708,1582
708,196
708,468
708,475
708,1147
708,448
708,378
708,498
708,496
708,1214
708,38
708,1295
709,1355
709,1587
709,1739
709,182
709,550
709,1642
709,168
709,1430
710,1288
710,1313
710,1798
710,353
710,1935
710,461
710,1442
711,1353
711,515
711,520
711,360
711,73
711,1300
712,1327
712,1650
712,1981
714,1346
714,624
714,1354
714,1418
714,1741
714,1761
714,120
714,276
714,475
715,791
715,1588
715,1789
715,53
715,148
715,1324
715,574
715,1384
715,1632
715,1454
715,1196
715,1987
716,317
716,1540
716,698
717,0
717,1838
717,61
717,536
717,1768
717,1513
717,264
718,1296
718,1737
718,61
718,93
718,578
718,596
718,101
718,339
719,524
719,1425
719,407
719,658
719,48
719,167
719,132
720,114
720,1308
720,10
720,173
720,485
720,1457
720,528
720,1783
720,1545
720,388
721,1
721,1295
721,88
721,122
721,177
721,408
721,1603
721,440
721,712
722,768
722,1197
722,1306
722,1649
722,145
722,512
722,582
722,538
722,123
722,106
722,577
722,417
722,1659
723,1590
723,757
723,1678
723,95
723,1817
723,1586
724,1601
725,1
725,1535
725,1608
725,630
725,316
725,1544
726,1356
726,780
726,433
726,1810
726,1612
726,1671
726,1959
727,223
727,407
727,1425
727,600
727,696
727,700
728,1833
728,20
728,515
728,361
728,1959
728,1592
728,297
728,1321
729,1772
729,371
729,1688
729,561
729,1284
730,1400
730,1595
730,1654
730,1705
730,330
730,344
730,1157
730,474
730,1539
730,284
730,475
730,1981
730,1147
731,1534
731,1189
731,1620
731,127
731,277
731,620
731,1502
731,1701
731,296
731,521
732,1432
732,1637
732,1713
732,1234
733,1207
733,1388
733,1555
733,1603
733,1607
733,1705
733,55
733,310
733,1349
733,1732
733,1765
734,1165
734,485
734,607
734,136
734,1625
734,1767
736,1001
736,191
736,309
736,560
736,564
736,1527
736,597
736,586
736,685
737,1453
737,88
737,645
737,1895
737,475
737,1363
738,1598
738,388
738,136
738,633
738,114
739,1179
739,1809
739,263
739,443
739,1157
739,360
739,1354
739,1771
740,1653
740,1828
740,89
740,622
740,357
740,269
740,1188
740,221
740,1931
741,1648
741,1964
741,644
741,1779
741,672
741,1534
741,1479
742,180
742,1496
742,1515
742,1644
742,137
742,175
742,541
742,687
742,1222
742,1831
742,100
743,1296
743,1377
743,1384
743,1504
743,1596
743,1633
743,1990
743,168
743,367
744,1290
744,36
744,1389
744,1764
744,271
744,419
744,1274
744,364
744,615
744,523
744,172
744,697
745,868
745,1232
745,1497
745,658
745,719
745,1530
745,187
745,600
745,1738
745,258
746,3
747,1505
747,1585
747,1910
747,319
747,689
747,449
747,710
747,1314
747,158
748,402
748,421
748,518
748,1534
748,384
748,1663
749,1168
749,1914
749,194
750,71
750,109
750,17
750,181
750,542
750,1191
751,1358
751,1648
751,1941
751,239
751,523
751,242
751,744
751,779
751,402
751,1148
752,1166
752,723
752,857
752,1583
753,634
753,696
753,445
753,1670
754,1867
754,1628
754,1711
754,140
754,172
754,523
754,751
754,642
754,1993
754,1643
754,846
755,668
755,1712
755,946
755,1253
755,1258
755,1898
755,1899
755,547
755,1748
755,1818
756,1834
756,331
756,181
756,1209
756,198
756,467
756,1760
756,1826
756,307
756,1510
756,1264
758,1686
758,1907
758,210
758,587
758,628
758,1312
758,1851
758,1343
758,667
759,1368
759,1079
759,1917
759,436
759,684
759,293
759,1261
759,1713
759,1391
760,1807
760,116
760,451
760,647
760,658
760,1962
760,483
760,48
760,1983
761,36
761,402
761,1460
761,1631
761,1718
761,271
761,614
761,672
761,1143
761,744
761,1310
762,1483
762,1500
762,1637
762,1651
762,1848
762,1898
762,1966
762,695
762,19
762,1320
762,1002
762,362
762,1331
762,1258
762,312
762,1886
763,285
763,288
763,321
763,216
763,1741
763,496
763,112
763,1338
764,1295
764,1704
764,263
764,267
764,33
764,557
764,218
764,73
764,1115
764,196
765,702
765,1949
765,264
765,327
765,332
765,1858
765,1768
766,1756
766,968
766,1689
766,314
766,399
766,714
766,497
766,1344
766,575
766,94
766,227
766,366
766,1425
767,1794
767,1807
767,215
767,690
767,1861
767,593
767,1370
767,314
767,1955
767,94
768,1135
768,1390
769,318
769,701
769,703
769,1836
769,577
769,1612
769,45
770,1268
770,1319
770,1382
770,1840
770,451
771,302
771,1708
771,1929
771,260
771,389
771,741
771,1643
771,1389
771,1547
771,1224
771,1256
772,1231
772,541
772,758
772,191
772,423
773,1888
773,1577
773,1649
773,7
774,1818
774,1824
774,231
774,452
774,695
774,1917
774,114
774,742
774,456
775,890
775,1266
775,1277
775,1249
775,1988
775,1203
775,1571
775,1221
775,308
775,1791
776,1214
776,1295
776,196
776,474
776,764
776,1704
776,1974
776,1925
776,122
776,650
777,1235
777,1453
777,1544
777,216
777,398
777,448
777,454
777,763
777,1762
777,683
778,1623
778,1369
778,1554
778,1661
778,129
778,623
778,686
778,1559
778,517
778,469
778,1624
778,1622
778,1788
781,1068
781,1305
781,1397
781,1851
781,35
781,494
781,571
781,586
781,1149
781,667
781,1515
781,203
782,69
782,724
782,1079
782,362
782,363
782,1763
782,315
783,402
783,1868
783,626
783,518
783,614
783,477
783,1474
783,1746
783,207
783,1628
783,127
784,1736
784,82
784,720
784,734
784,1890
784,1161
784,315
784,435
784,759
785,225
785,1577
785,297
785,1980
785,1221
785,1249
786,1360
786,1652
786,141
786,664
786,14
786,1612
786,1173
786,205
787,1969
787,354
787,457
787,1176
787,605
787,1760
787,608
787,1540
787,1294
788,702
788,1164
788,1664
788,61
788,415
788,687
788,1642
788,1850
788,101
788,519
789,1434
789,1727
789,1876
789,751
789,347
789,731
789,697
789,1693
789,381
790,1570
790,1586
790,1647
790,1931
790,70
790,138
790,311
790,500
790,95
790,506
790,1562
790,414
790,357
790,676
792,1046
792,1155
792,1464
792,1469
792,1739
792,1841
792,439
792,482
792,788
793,1870
793,1888
793,1950
793,232
793,390
793,318
793,726
793,1599
793,1714
794,1750
794,328
794,700
794,1820
794,575
794,610
794,1756
795,1512
795,1225
795,1248
795,1630
795,1911
795,621
795,665
795,545
795,8
796,1746
796,1984
796,579
796,633
796,242
796,341
797,1952
797,99
797,295
797,355
797,449
797,612
797,1150
797,1471
797,1982
798,1175
798,1435
798,1584
798,1960
798,155
798,201
798,731
798,789
798,913
798,1556
798,662
798,754
798,615
798,1727
799,1133
799,1952
799,387
799,396
799,461
799,707
799,692
799,1522
799,1935
799,397
799,62
799,1471
800,1726
800,1758
800,1322
801,1236
801,1508
801,307
801,1943
801,188
801,800
801,542
802,147
802,236
802,646
802,702
803,3
803,1710
803,109
803,229
803,800
803,1195
803,1322
803,11
803,1508
803,17
804,1778
804,1291
804,627
804,1835
804,554
805,1175
805,1984
805,341
805,620
805,1883
805,406
805,347
806,1024
806,1485
806,1585
806,1935
806,117
806,716
806,90
807,1259
807,1321
807,1836
807,300
807,572
807,522
807,1888
807,447
807,1844
808,1201
808,1856
808,1415
808,587
808,730
808,1345
808,139
809,1856
809,1141
809,100
809,1851
809,348
809,235
809,337
809,1515
809,291
809,1345
809,1405
810,25
810,924
810,1450
810,1536
810,1586
810,1653
810,1842
810,95
810,255
810,548
810,1674
810,144
810,1669
810,1626
810,1316
810,1796
810,58
811,1228
811,1852
811,167
811,328
811,1198
811,329
811,651
812,1206
812,1676
812,633
812,1960
813,1778
813,1623
813,280
814,1346
814,1327
814,189
814,263
814,344
814,619
814,714
814,1417
814,285
814,1386
815,1336
815,190
815,229
815,1233
815,568
816,1416
817,1576
817,7
817,1810
817,786
817,4
817,300
817,1203
817,1615
818,1162
818,1741
818,1925
818,1610
818,474
819,1505
819,18
819,1485
819,1947
819,1024
819,90
820,1374
820,1732
820,268
820,440
820,733
820,1865
820,1539
820,1610
820,1603
821,1842
821,75
821,506
821,585
821,598
821,1653
821,611
822,1532
822,459
822,745
822,1351
822,623
822,606
822,1910
823,1135
823,1254
823,1571
823,1591
823,1672
823,7
823,123
823,786
823,106
823,1752
823,1361
823,46
824,557
824,1179
825,1368
825,1364
825,1843
825,28
825,312
825,388
825,666
825,1824
825,1688
825,202
825,164
825,1491
826,1834
826,1176
826,1293
826,1393
826,1581
826,134
826,257
826,270
826,471
826,1758
826,1816
826,49
826,602
826,1342
827,1708
827,655
827,731
827,513
827,1556
827,1413
827,1121
827,796
827,614
827,1960
828,447
828,1203
828,1672
828,163
828,184
828,238
828,245
828,655
828,1652
828,1277
828,1615
829,52
829,445
829,533
829,1831
829,1199
829,1270
829,1415
829,753
829,1666
830,1602
830,126
830,660
831,1195
831,1325
831,1422
831,1814
831,1839
831,562
831,1264
831,365
831,1797
832,1767
832,1598
832,19
832,164
832,306
832,547
832,759
832,718
832,231
833,1734
833,157
833,1474
833,1621
834,165
834,383
834,1619
834,138
834,491
836,229
836,815
836,1969
836,3
836,471
836,467
836,317
836,1209
837,1135
837,1122
837,1197
837,1580
837,1950
837,238
837,262
837,1277
837,308
837,225
837,793
837,433
838,1679
838,102
838,1458
838,1477
838,1509
838,1972
838,235
838,632
838,808
838,560
838,1160
839,502
839,1856
839,576
839,1477
839,533
839,1230
840,1325
840,1760
840,1897
840,178
840,317
840,338
840,246
841,1205
841,1796
841,532
841,118
841,98
841,506
841,383
841,749
842,475
842,177
842,714
842,730
842,55
842,1338
843,1785
843,1811
843,105
843,465
843,519
843,553
843,6
843,1167
843,1939
843,1377
844,1651
844,362
844,825
844,1545
844,1483
844,169
845,1117
845,1620
845,1648
845,1703
845,1806
845,1830
845,615
845,796
845,410
845,1867
845,1132
845,1727
845,1242
846,779
847,1370
847,1574
847,1794
847,1948
847,1983
847,1955
847,1689
847,868
847,490
848,1137
848,1192
848,1661
848,449
848,1520
848,1326
848,1427
848,461
848,674
848,813
849,567
849,632
849,663
849,720
849,809
849,428
850,1579
850,1597
850,340
850,784
850,1216
850,70
850,1112
850,598
851,1319
851,1805
851,266
851,366
851,727
851,1220
851,1859
852,1555
852,434
852,1721
852,842
852,1353
852,1115
852,373
852,425
852,38
853,347
853,846
853,1499
853,1727
853,751
853,789
853,211
853,1143
853,794
854,1178
854,1237
854,1482
854,1563
854,141
854,197
854,572
854,1221
854,1959
854,1380
854,631
854,1893
855,1362
855,1940
855,30
855,719
855,1516
855,346
855,727
855,610
855,1382
855,1511
856,1999
856,738
856,121
856,1245
856,729
858,191
858,1210
858,1813
858,533
858,742
858,781
858,1804
858,176
858,180
858,586
859,1244
859,1403
859,155
859,384
859,761
859,1960
859,1868
859,421
860,1168
860,1463
860,1619
860,409
860,841
860,1583
860,1656
860,654
860,1507
861,1187
861,1448
861,1560
861,1675
861,766
861,851
861,223
861,40
861,688
862,1251
862,90
862,154
862,492
862,627
862,638
862,1347
863,380
863,1035
863,1324
863,1367
863,1664
863,1850
863,133
863,501
863,503
863,743
863,817
863,643
863,153
864,1317
864,1936
864,506
864,821
864,693
864,1309
864,126
864,1301
864,649
865,1183
865,1605
865,290
865,249
865,1420
866,1383
866,215
866,490
866,610
866,745
866,1774
866,1282
867,1357
867,713
867,1122
867,1178
867,1306
867,1321
867,1328
867,1436
867,1577
867,1918
867,60
867,1259
867,837
867,106
867,577
867,1466
867,238
867,726
869,1262
869,1421
869,821
869,195
869,1188
869,611
869,692
869,500
869,1156
870,1234
870,1786
870,1816
870,11
870,834
871,19
871,374
871,1445
871,677
871,738
872,1379
872,247
872,1456
872,1608
872,321
872,619
872,292
872,261
872,226
872,1770
872,721
872,398
872,1531
872,1704
873,1292
873,1433
873,1873
873,242
873,614
873,731
873,741
873,751
873,1806
873,683
873,124
873,426
873,1699
873,382
874,1622
874,1657
874,1952
874,509
874,689
874,819
874,464
874,90
874,1978
874,1314
874,835
874,813
874,1192
875,1271
875,1572
875,1642
875,236
875,1046
875,1255
875,367
875,1366
876,1878
876,502
876,1821
876,35
876,541
876,583
876,1461
876,838
876,1149
877,1616
877,1973
877,439
877,536
877,146
877,6
877,718
877,765
878,767
878,1564
878,760
878,745
878,1784
880,0
880,1700
880,182
880,200
880,279
880,772
880,743
880,1504
880,1542
880,1730
880,143
881,513
881,1121
881,1352
881,1584
881,1868
881,1984
881,1594
881,751
881,127
881,1224
881,873
882,1407
882,837
882,66
882,313
882,1918
882,1197
882,1128
882,1412
882,1409
882,1652
882,582
883,513
883,1333
883,1426
883,1676
883,1883
883,389
883,477
883,655
883,853
883,873
883,326
883,1250
883,419
883,1711
884,247
884,1725
884,63
884,330
884,1218
884,1609
884,618
884,725
884,33
885,291
885,1332
885,1343
885,1769
885,628
885,176
885,137
886,1303
886,1635
886,1318
886,1675
886,1268
886,86
886,250
886,1754
886,40
887,1223
887,1304
887,876
887,1160
887,1343
888,1523
888,1473
888,1915
888,474
888,170
888,872
888,135
888,292
888,520
889,1530
889,1564
889,1807
889,610
889,647
889,94
889,886
889,1013
889,558
891,469
891,1612
891,713
892,1361
892,1671
892,1844
892,1870
892,1908
892,1965
892,4
892,701
892,303
892,342
892,1752
892,1950
892,141
893,1314
893,1427
893,1487
893,1585
893,1657
893,353
893,24
894,1216
894,5
894,522
894,1188
894,1125
894,679
894,851
894,506
894,75
894,1697
894,1653
894,1640
895,1213
895,1971
895,774
895,1651
895,1916
895,1161
896,1479
896,382
896,406
896,751
896,644
897,990
897,1230
897,1394
897,1927
897,290
897,457
897,1722
897,1892
898,1756
898,1013
898,1875
898,575
898,411
898,600
899,1190
899,640
899,241
899,1172
899,1373
899,843
900,269
900,1682
900,68
900,660
900,1647
900,508
900,70
900,1309
900,1602
901,1782
901,1942
901,193
901,869
901,752
901,1188
901,834
901,340
903,1348
903,315
903,871
903,1843
903,1253
903,272
903,1337
903,1258
903,528
903,1911
903,28
904,1461
904,1509
904,1644
904,1716
904,115
904,445
904,1315
904,243
904,1769
904,1879
904,1670
905,1752
905,1822
905,1928
905,345
905,773
905,212
906,1737
906,146
906,327
906,392
906,536
906,788
906,1513
906,765
906,101
907,1767
907,54
907,1818
907,1688
907,1886
907,388
907,1320
908,1225
908,353
908,531
908,819
908,1613
908,97
908,56
908,1935
908,636
908,129
909,58
909,1524
909,1536
909,1720
909,526
909,830
909,1156
909,13
909,427
909,1421
910,1966
910,637
910,1491
910,1483
910,1445
910,816
910,755
911,1291
911,799
911,909
911,1889
911,492
911,273
911,1630
912,957
912,373
912,1354
912,1610
912,268
912,869
913,1734
914,1480
914,377
914,395
914,420
914,1204
914,1133
915,1001
915,91
915,102
915,1405
915,1937
915,481
915,22
915,1181
915,100
915,1644
916,1777
916,681
916,774
916,1683
916,485
916,738
916,362
916,642
916,720
916,452
917,1195
917,351
917,49
917,71
917,338
917,181
917,735
917,625
917,257
917,831
917,803
917,608
917,1816
918,543
918,859
918,1394
918,460
918,1195
918,181
918,246
919,1127
919,1740
919,1766
919,1298
919,1198
920,1584
920,128
920,277
920,415
920,1956
920,881
921,1808
921,1966
921,283
921,452
921,681
921,844
921,1258
921,312
921,724
921,734
921,1545
921,219
922,1173
922,1180
922,1506
922,768
922,1979
922,1913
922,429
923,1199
923,1687
923,1716
923,1706
923,632
923,870
923,1972
924,635
924,1168
925,646
925,503
925,553
925,883
925,1604
925,1692
925,1841
925,61
925,105
926,241
926,519
926,880
926,877
927,1522
927,1630
927,396
927,466
927,623
927,469
927,1139
927,1759
927,1256
927,158
927,606
928,1916
928,265
928,782
928,1715
928,684
928,1500
928,666
928,1308
929,1933
929,651
929,919
929,116
929,50
929,1370
929,1823
929,1365
929,44
929,278
930,247
930,1741
930,344
930,712
930,852
930,1374
930,1214
930,1762
930,1363
930,979
930,737
930,1451
931,17
931,705
931,1233
932,1598
932,1772
932,1899
932,19
932,371
932,1713
932,1953
933,1273
933,1720
933,1773
933,1776
933,1781
933,144
933,924
933,75
933,5
933,1452
933,193
933,617
934,1163
934,1684
934,694
934,910
934,681
934,1793
934,1999
936,846
936,1631
936,1873
936,204
936,1703
936,1764
936,1868
936,789
936,128
937,1601
937,1247
937,1491
937,910
937,1490
937,1625
938,169
938,82
938,652
938,832
938,1899
939,1201
939,480
939,1458
939,1804
939,1821
939,1887
939,678
939,839
939,243
939,1944
939,742
939,1527
939,1685
939,1304
939,613
939,1881
940,1287
940,12
940,505
941,713
941,1180
941,1252
941,775
941,1571
941,864
941,447
941,823
941,1652
942,1267
942,1516
942,1574
942,1729
942,94
942,919
942,1820
942,32
942,366
943,1309
943,1589
943,869
943,1781
943,909
943,1215
943,526
943,573
943,1317
944,1264
944,1992
944,471
944,704
944,831
944,256
944,1236
944,1510
944,1989
944,444
944,1230
945,1024
945,1260
945,486
945,507
945,665
945,674
945,612
945,862
945,273
947,1311
947,1324
947,1549
947,487
947,359
948,187
949,1932
949,79
949,152
949,528
949,782
949,825
949,1651
949,19
949,916
949,774
949,680
950,1286
950,1735
950,1843
950,1899
950,272
950,293
950,684
950,1736
950,1240
950,1683
950,1825
950,1391
951,1921
951,1992
951,198
951,1758
951,1209
951,181
951,716
951,699
951,256
952,1277
952,78
952,1571
952,1135
952,905
953,1715
953,1783
953,1853
953,234
953,231
953,1578
953,69
954,1276
954,1474
954,1529
954,1718
954,1727
954,207
954,798
954,920
954,1292
954,697
954,518
954,1643
954,1883
954,1413
954,662
955,1424
955,1526
955,1596
955,61
955,567
955,1140
955,1803
955,550
955,1600
955,792
955,59
956,902
956,1307
956,1448
956,1698
956,1861
956,251
956,861
956,1815
956,699
956,346
957,1235
958,83
958,94
958,131
958,645
958,669
958,23
958,902
958,1774
958,1208
958,1318
958,1812
959,1404
959,1949
959,1811
959,1832
959,179
959,186
960,1623
960,1485
960,665
960,914
960,1951
961,1956
961,1403
961,1922
961,789
961,1389
961,326
961,1224
961,239
961,1594
962,835
962,459
962,555
962,1439
962,1177
962,1723
963,1273
963,1733
963,1817
963,340
963,850
963,933
963,1747
963,13
964,1113
964,1896
964,249
964,1986
964,954
964,940
964,990
965,213
965,320
965,643
965,1700
965,279
965,0
965,1377
965,367
966,791
966,1572
966,6
966,185
966,93
966,156
966,200
967,1919
967,1970
967,398
967,764
967,468
967,57
967,1283
967,226
967,404
969,779
969,1124
969,1258
969,800
969,903
969,537
969,388
969,28
969,607
969,1457
970,1457
970,1486
970,1703
970,172
970,296
970,873
970,518
970,1534
970,1876
971,1285
971,1441
971,74
971,656
971,704
971,1533
971,391
971,1113
972,1282
972,1344
972,266
972,958
972,868
972,511
972,727
972,479
972,1861
973,480
973,1561
973,445
973,481
973,1644
973,1496
973,742
973,191
973,885
973,1243
973,546
974,1451
974,1531
974,1741
974,1771
974,1938
974,122
974,216
974,285
974,316
974,475
974,557
974,777
974,1970
974,1732
974,37
975,1179
975,1395
975,1846
975,261
975,404
975,639
975,475
975,1667
975,1725
976,114
976,1129
976,1432
976,1161
976,916
976,1757
976,171
976,1165
976,1899
976,1417
976,169
977,1126
977,1715
977,1953
977,272
977,456
977,681
977,762
977,1417
977,485
977,1286
978,1386
978,1470
978,1650
978,135
978,639
978,619
979,1246
980,746
980,1558
980,1786
980,298
980,542
980,1322
980,971
980,1749
980,931
981,1662
981,1793
981,286
981,1002
981,1286
981,948
982,1239
982,309
982,858
982,564
982,287
982,299
982,243
982,1160
983,1581
983,1691
983,34
983,376
983,1639
983,338
984,67
984,185
984,578
984,640
984,959
984,359
984,12
984,1498
984,1401
984,59
985,1159
985,1284
985,1348
985,1753
985,934
985,937
985,173
985,1886
986,1701
986,1242
986,1426
986,211
986,352
986,406
986,751
986,833
986,1889
986,402
986,1460
986,1276
986,1143
986,499
987,1331
987,1819
987,1681
987,1953
987,1658
987,1971
987,1261
988,1184
988,1255
988,1478
988,1537
988,156
988,401
988,487
988,536
988,984
988,1664
988,1642
988,880
989,1615
989,161
989,334
989,701
989,728
989,1988
989,837
989,1272
989,768
991,1113
991,1986
991,354
991,705
991,787
991,476
991,1839
991,74
991,368
992,1888
992,1980
992,345
992,390
992,417
992,515
992,722
992,262
992,1321
992,300
992,66
992,786
992,890
992,1991
992,1677
992,823
993,1235
993,1193
993,88
993,259
993,288
993,310
993,408
993,1388
993,1523
993,1451
993,630
993,321
994,1181
994,1210
994,1461
994,1997
994,100
994,348
994,781
994,1275
994,1243
994,663
995,280
995,1145
995,1204
995,353
995,893
995,1837
995,1538
996,1921
996,11
996,206
996,256
996,331
996,351
996,460
996,1751
996,1943
996,1293
996,229
996,1834
996,964
997,125
997,458
997,1611
997,589
997,250
997,1696
997,1449
997,861
997,929
998,1357
998,1665
998,807
998,896
998,14
998,232
998,417
998,1360
998,1390
999,1308
999,1625
999,1337
999,405
1000,1639
1000,1758
1000,1838
1000,1839
1000,431
1000,252
1000,1136
1003,1956
1003,1648
1003,1964
1003,201
1003,382
1003,614
1003,683
1003,859
1003,1711
1003,751
1003,1310
1003,1676
1004,1317
1004,422
1004,933
1004,857
1004,95
1004,224
1004,1417
1004,1782
1005,1505
1005,377
1005,1251
1005,1130
1005,1481
1006,1135
1006,1412
1006,1580
1006,582
1006,1591
1006,78
1007,1459
1007,1948
1007,48
1007,322
1007,575
1007,811
1007,1823
1007,240
1007,647
1007,1794
1008,1450
1008,611
1008,1914
1008,1958
1008,138
1008,548
1008,834
1008,617
1008,1942
1008,224
1008,340
1009,1334
1009,1691
1009,1731
1009,49
1009,72
1009,298
1009,393
1009,865
1009,188
1009,370
1009,206
1009,1998
1010,1766
1010,132
1010,199
1010,956
1010,552
1011,1305
1011,1644
1011,1831
1011,1879
1011,209
1011,809
1011,423
1011,571
1011,1885
1011,1304
1012,1656
1012,1525
1012,5
1012,598
1012,693
1012,15
1012,160
1012,1958
1012,269
1012,1216
1012,1452
1014,1189
1014,333
1014,556
1014,587
1014,1851
1014,685
1014,1856
1015,1437
1015,1765
1015,1919
1015,434
1015,496
1015,619
1015,450
1015,1609
1015,321
1015,263
1016,1228
1016,30
1016,64
1016,94
1016,1448
1016,50
1016,131
1016,590
1016,851
1016,745
1016,258
1016,1568
1016,847
1017,1251
1017,1624
1017,1788
1017,464
1017,686
1017,962
1017,623
1017,1481
1017,1565
1017,1024
1018,1188
1018,221
1018,963
1018,194
1018,830
1018,1720
1019,1778
1019,1439
1019,934
1019,1492
1019,835
1019,636
1019,1130
1019,469
1020,1710
1020,81
1020,510
1020,568
1020,996
1020,331
1020,3
1020,608
1020,109
1020,444
1020,917
1021,1562
1021,21
1021,87
1021,255
1021,427
1021,901
1021,611
1021,963
1021,660
1021,850
1021,1674
1021,15
1021,1215
1022,1823
1022,504
1022,727
1022,811
1022,929
1022,86
1023,1229
1023,121
1023,910
1023,950
1023,1627
1023,732
1023,816
1023,729
1023,275
1023,1783
1024,1978
1024,1756
1024,1512
1024,469
1025,1512
1025,397
1025,464
1025,908
1025,280
1025,1952
1025,1281
1025,1341
1026,1767
1026,1953
1026,953
1026,315
1026,272
1026,984
1026,219
1027,1569
1027,1624
1027,1835
1027,484
1027,795
1027,1982
1027,806
1027,623
1028,735
1028,1751
1028,1838
1028,467
1028,912
1028,25
1028,991
1028,190
1028,1816
1029,147
1029,709
1029,717
1029,1446
1029,1146
1029,1976
1029,718
1029,241
1029,519
1029,67
1030,1558
1030,1195
1030,444
1030,74
1030,543
1030,72
1030,365
1031,589
1031,997
1031,1560
1031,1815
1031,1459
1032,1120
1032,1813
1032,51
1033,1834
1033,3
1033,1174
1033,1183
1033,1219
1033,71
1033,74
1033,142
1033,338
1033,1790
1033,1000
1033,977
1034,1850
1034,320
1034,570
1034,415
1034,93
1034,574
1036,1172
1036,1216
1036,1618
1036,1781
1036,790
1036,821
1036,1656
1036,104
1036,850
1036,193
1037,1934
1037,1967
1037,1997
1037,115
1037,151
1037,203
1037,394
1037,809
1037,1813
1037,1849
1037,1879
1037,1263
1037,1878
1037,1212
1037,534
1037,1149
1037,1330
1037,309
1038,1320
1038,1715
1038,949
1038,1030
1038,1818
1038,916
1038,1280
1038,976
1039,1145
1039,1192
1039,56
1039,353
1039,707
1039,795
1039,1439
1039,220
1039,686
1039,1723
1039,1297
1040,1197
1040,429
1040,682
1040,577
1040,726
1040,46
1040,1950
1040,786
1041,1296
1041,1384
1041,1572
1041,101
1041,1146
1041,1022
1042,1248
1042,1427
1042,1948
1042,862
1042,911
1042,997
1042,1039
1042,1133
1042,686
1043,1151
1043,1245
1043,1331
1043,856
1043,832
1043,1129
1043,1229
1043,816
1044,194
1044,924
1044,195
1044,150
1045,1370
1045,1459
1045,1472
1045,1854
1045,132
1045,227
1045,372
1045,1012
1045,1319
1045,50
1045,847
1045,48
1046,380
1046,635
1047,1921
1047,26
1047,111
1047,670
1047,1896
1047,1455
1048,740
1048,790
1048,1619
1048,654
1048,869
1048,611
1048,1678
1048,1301
1048,1018
1048,617
1048,1125
1048,1646
1049,1401
1049,1514
1049,83
1049,215
1049,248
1049,407
1049,653
1049,690
1049,889
1049,1307
1050,165
1050,409
1050,1156
1050,1781
1050,1931
1050,830
1050,740
1050,1227
1050,1215
1050,1646
1051,1024
1051,911
1051,962
1051,819
1051,1116
1051,636
1051,507
1052,1845
1052,1660
1052,364
1052,673
1052,1628
1052,615
1052,128
1052,706
1052,1960
1052,1676
1053,1389
1053,1429
1053,1517
1053,1806
1053,1993
1053,633
1053,655
1053,833
1053,771
1053,1358
1054,1466
1054,1888
1054,1959
1054,141
1054,161
1054,616
1054,1908
1054,703
1054,1591
1054,713
1054,1407
1055,162
1055,216
1055,292
1055,495
1055,520
1055,599
1056,1878
1056,1687
1056,1706
1056,541
1056,587
1056,31
1056,428
1056,1686
1056,1461
1056,546
1057,824
1058,395
1058,689
1058,914
1058,1835
1058,621
1058,692
1058,636
1058,1837
1058,1351
1058,1039
1058,507
1059,1279
1059,1756
1059,524
1059,1127
1059,1267
1059,1638
1059,648
1059,770
1059,861
1059,1016
1059,1472
1059,1228
1059,889
1059,1812
1060,546
1060,235
1060,309
1060,494
1060,583
1060,632
1060,685
1060,576
1060,65
1060,1001
1060,753
1060,323
1060,137
1061,1607
1061,1765
1061,1915
1061,285
1061,330
1061,443
1061,1531
1061,440
1062,1297
1062,1485
1062,1585
1062,1911
1062,627
1062,806
1062,56
1062,1630
1063,1306
1063,1742
1063,78
1063,141
1063,417
1063,793
1063,1360
1063,1577
1064,1446
1064,802
1064,1035
1064,1271
1064,168
1064,482
1064,503
1064,640
1064,718
1064,146
1064,487
1064,241
1065,1158
1065,1176
1065,338
1065,510
1065,543
1065,3
1065,1751
1065,699
1065,1342
1065,308
1066,1627
1066,82
1066,932
1066,825
1066,1757
1066,1808
1066,54
1067,447
1067,1197
1067,46
1067,212
1067,78
1067,1591
1067,1893
1068,1212
1068,1679
1069,1409
1069,1752
1069,1755
1069,1836
1069,197
1069,386
1069,1266
1069,817
1069,324
1070,824
1070,1162
1070,1846
1070,1902
1070,1974
1070,267
1070,310
1070,912
1070,1057
1070,1200
1070,1246
1071,402
1071,1121
1071,1352
1071,1619
1071,1621
1071,1956
1071,1867
1071,1620
1071,253
1071,1660
1071,410
1071,1474
1071,1403
1072,1168
1072,1155
1072,1504
1072,640
1072,984
1072,147
1072,591
1072,899
1073,266
1073,451
1073,600
1073,770
1073,407
1073,1220
1073,1013
1073,443
1074,1963
1074,1977
1074,461
1074,606
1074,686
1074,874
1074,509
1074,1444
1074,395
1074,1335
1075,779
1075,1668
1075,546
1075,1685
1075,76
1075,571
1075,932
1075,1056
1075,1853
1075,1821
1076,1347
1076,1532
1076,295
1076,459
1076,517
1076,1575
1076,220
1076,1314
1077,1319
1077,1807
1077,116
1077,589
1077,1756
1077,1493
1077,675
1077,1948
1077,64
1078,857
1078,924
1078,1156
1078,1438
1078,89
1078,255
1078,532
1078,790
1078,1008
1078,1077
1078,1524
1078,844
1078,805
1078,1371
1078,1597
1078,526
1078,1392
1078,963
1078,1118
1078,1323
1078,1044
1078,1618
1078,500
1079,1601
1079,169
1080,1368
1080,1767
1080,729
1080,856
1080,999
1080,1320
1080,281
1080,1043
1080,681
1080,1151
1081,524
1081,1396
1081,407
1081,929
1081,1027
1081,1198
1081,767
1082,1140
1082,1271
1082,1550
1082,392
1082,765
1083,469
1083,1177
1083,1291
1083,1341
1083,1347
1083,1585
1083,1630
1083,665
1083,799
1083,1695
1084,543
1084,996
1084,1533
1084,1790
1084,34
1084,1989
1084,756
1085,47
1085,58
1085,1205
1085,1942
1085,21
1085,89
1085,1090
1085,255
1085,649
1085,1495
1086,1351
1086,1369
1086,1444
1086,1532
1086,8
1086,273
1086,531
1086,671
1086,1481
1086,1427
1086,484
1086,1585
1086,1062
1086,424
1086,806
1086,636
1086,555
1087,602
1087,1298
1087,1986
1087,803
1087,944
1087,980
1087,1000
1087,109
1087,1816
1087,565
1088,269
1088,1507
1088,1619
1088,1781
1088,790
1088,1010
1088,1152
1088,1602
1088,1166
1088,935
1088,414
1088,193
1088,21
1088,470
1089,1116
1089,1487
1089,1909
1089,492
1089,636
1089,1314
1089,1062
1089,1565
1089,1351
1089,1480
1091,1512
1091,1297
1091,62
1091,396
1091,484
1091,545
1091,621
1091,707
1091,18
1091,795
1091,995
1091,635
1092,1889
1092,1951
1092,893
1092,1019
1092,1076
1092,1480
1092,1297
1092,1091
1092,1775
1092,430
1093,36
1093,1648
1093,1676
1093,1746
1093,155
1093,672
1093,96
1093,1557
1093,1276
1093,379
1093,1242
1093,1845
1093,1132
1094,1802
1094,855
1094,1948
1094,304
1094,1208
1094,1635
1094,1514
1094,1127
1094,600
1094,1396
1095,1937
1095,65
1095,808
1095,973
1095,1856
1095,1997
1096,1024
1096,1090
1096,1602
1096,1617
1096,126
1096,403
1096,516
1096,649
1096,933
1096,422
1096,1720
1096,1371
1096,860
1096,144
1096,1796
1096,1678
1096,1008
1097,1525
1097,1606
1097,165
1097,194
1097,894
1097,1541
1097,1548
1097,693
1097,1653
1097,1188
1098,569
1098,746
1098,1986
1098,49
1098,460
1098,870
1098,1605
1098,1510
1098,1874
1098,1336
1098,787
1098,510
1098,1533
1098,1826
1099,213
1099,1355
1099,1430
1099,1526
1099,264
1099,320
1099,604
1099,148
1099,984
1099,133
1100,1299
1100,1322
1100,43
1100,565
1100,870
1100,917
1100,1834
1100,351
1100,178
1101,125
1102,1457
1102,1601
1102,1916
1102,1954
1102,10
1102,1932
1102,1001
1102,1308
1102,1953
1102,659
1103,583
1103,994
1103,1804
1103,685
1103,287
1103,333
1104,1417
1104,1757
1104,1793
1104,977
1104,987
1104,169
1104,234
1104,28
1105,1204
1105,1661
1105,1573
1105,1996
1105,492
1105,1945
1106,1675
1106,1740
1106,1743
1106,675
1106,1493
1106,719
1106,919
1106,159
1107,1379
1107,824
1107,1595
1107,55
1107,218
1107,711
1107,814
1107,1015
1107,1327
1107,373
1108,1524
1108,1773
1108,1958
1108,422
1108,1043
1109,1235
1109,1388
1109,1694
1109,216
1109,378
1109,1354
1109,1864
1109,520
1109,37
1110,913
1110,1971
1110,454
1110,938
1110,405
1110,1917
1110,1954
1110,69
1110,388
1111,1334
1111,424
1111,1035
1111,1404
1111,792
1111,67
1111,1185
1111,465
1111,591
1111,1164
1111,1537
1111,1973
1114,713
1114,336
1115,335
1116,1623
1117,1556
1118,1967
1119,369
1120,413
1120,191
1120,213
1121,513
1121,913
1121,347
1125,47
1125,1118
1125,757
1126,668
1127,1334
1129,2
1130,1723
1131,691
1132,1867
1132,1956
1132,347
1136,1778
1136,1989
1137,1423
1137,358
1138,757
1139,469
1141,1120
1141,1068
1142,402
1142,36
1144,1490
1148,1134
1148,1557
1149,1001
1149,1201
1149,1912
1151,2
1151,1129
1152,1590
1152,1114
1153,558
1153,1127
1153,1823
1154,3
1155,591
1155,369
1157,557
1158,1113
1159,435
1160,1856
1160,613
1162,1157
1162,1246
1165,1257
1166,1130
1168,446
1170,513
1171,224
1172,535
1173,324
1173,1114
1173,1128
1175,1479
1175,1556
1176,1170
1176,25
1177,1335
1177,1024
1178,313
1180,313
1181,1212
1181,480
1182,1557
1182,779
1182,1290
1184,369
1186,1745
1186,1141
1186,180
1187,968
1188,446
1188,1656
1188,1138
1189,191
1189,1137
1191,1170
1191,1166
1191,1154
1192,1133
1192,1137
1193,1057
1193,1123
1193,1162
1194,1579
1194,935
1196,1164
1196,1140
1197,713
1197,225
1198,1901
1198,1013
1198,1756
1199,1912
1199,1068
1199,1181
1200,957
1202,1545
1202,1187
1204,158
1206,1162
1211,1171
1211,1205
1213,680
1213,1159
1214,979
1216,1152
1216,1138
1216,269
1217,1175
1218,1193
1219,1170
1219,1191
1220,868
1220,879
1220,1154
1220,1129
1221,1203
1221,14
1222,102
1224,1556
1225,1175
1225,1723
1226,91
1226,1186
1226,1199
1227,47
1227,1634
1227,1205
1228,1013
1230,1790
1231,1068
1231,879
1231,1116
1234,3
1236,1113
1237,1122
1238,1667
1239,1912
1239,191
1239,1149
1240,1501
1240,1213
1243,1222
1243,191
1247,169
1247,1245
1248,1116
1248,1199
1249,1357
1249,1301
1249,1135
1250,1132
1250,1845
1251,1978
1251,1225
1251,1512
1251,1623
1252,1180
1252,1203
1252,1128
1252,1197
1253,1445
1253,1198
1254,1221
1254,1237
1256,635
1258,1163
1258,1601
1259,1203
1260,835
1261,1202
1261,1229
1261,1237
1262,1227
1262,857
1262,1211
1263,1120
1263,1186
1263,1001
1263,180
1264,1801
1264,569
1264,1154
1264,1170
1264,1209
1264,1234
1265,1237
1265,1241
1265,1180
1266,1259
1266,1221
1268,1334
1270,180
1270,1199
1271,369
1272,1254
1272,1252
1273,857
1273,1090
1273,1166
1273,1171
1274,1479
1274,1182
1275,1856
1276,1867
1276,1468
1277,1254
1277,1122
1277,1266
1278,1130
1278,1177
1278,1204
1279,1268
1281,813
1282,879
1284,1245
1284,1126
1284,1280
1286,946
1287,147
1288,1945
1288,1150
1288,1253
1288,1204
1288,724
1289,990
1289,1233
1289,1264
1289,1174
1291,580
1291,1225
1291,1281
1292,1224
1292,1779
1293,1234
1294,1293
1295,1346
1295,1523
1296,369
1296,1035
1296,1194
1296,1196
1296,646
1296,1301
1297,1401
1297,1501
1298,1013
1298,1756
1298,1127
1298,669
1299,1174
1299,602
1300,1645
1300,979
1302,502
1302,1131
1302,113
1303,868
1303,1282
1303,1198
1303,1153
1304,191
1304,1302
1304,1210
1304,1264
1306,1277
1306,447
1307,669
1308,1490
1309,1273
1310,1224
1310,1079
1311,1184
1312,1001
1313,1250
1313,358
1314,1423
1314,1778
1314,1287
1315,1243
1316,1188
1317,269
1317,1118
1317,224
1317,924
1319,1127
1319,1823
1320,1257
1320,169
1320,1002
1320,1240
1320,1282
1322,1790
1322,25
1324,424
1326,1177
1326,1889
1328,1277
1328,1266
1329,1190
1329,213
1329,424
1330,113
1330,480
1330,1304
1330,1181
1331,114
1331,169
1333,513
1334,1223
1336,1154
1337,724
1337,1308
1337,1445
1338,1346
1338,979
1338,335
1339,1329
1340,1154
1341,1241
1341,1288
1341,1335
1341,1130
1342,1801
1342,1230
1342,602
1343,1239
1343,558
1344,1303
1344,657
1345,1120
1345,102
1348,114
1348,435
1348,946
1348,1002
1348,1159
1349,1162
1350,1153
1351,1945
1352,1247
1352,1867
1352,1290
1352,1134
1354,1667
1354,979
1354,624
1355,1446
1358,913
1358,1182
1358,1244
1358,1274
1358,1310
1358,1224
1359,1210
1360,1203
1360,1237
1361,1114
1361,1266
1361,1306
1362,1307
1362,125
1363,1354
1364,1308
1364,1320
1364,1331
1365,1303
1365,458
1365,1282
1366,1190
1366,646
1367,1324
1367,1327
1367,1196
1369,1945
1369,1313
1369,1269
1369,1145
1369,1256
1370,669
1370,1175
1371,1262
1371,1118
1372,47
1372,935
1372,1138
1372,1656
1372,1205
1372,1112
1372,1371
1374,1346
1374,1283
1374,1338
1374,1207
1374,1235
1375,1285
1376,1192
1376,1139
1376,358
1376,1281
1377,1311
1378,1268
1380,1412
1380,713
1381,1209
1381,990
1381,1158
1382,1334
1382,524
1382,1153
1382,1307
1383,1187
1383,1823
1384,1155
1384,1401
1384,1366
1385,1272
1385,1173
1385,1178
1385,1221
1385,1380
1386,1235
1386,1353
1386,624
1387,1190
1387,225
1387,1380
1388,1
1389,1182
1389,1734
1389,1352
1391,1320
1391,1337
1392,1227
1392,1350
1392,1967
1392,1118
1394,1285
1394,1336
1395,1388
1396,1223
1397,1068
1397,1305
1397,1934
1397,1312
1397,1338
1397,1119
1398,768
1399,791
1399,1355
1399,236
1399,1155
1400,1386
1400,1388
1400,1295
1400,1523
1402,1490
1402,1079
1402,1286
1404,1367
1406,1148
1407,1114
1407,324
1408,1319
1409,336
1410,1172
1410,1316
1410,1347
1410,1590
1411,1557
1411,1275
1413,1468
1413,1142
1416,1890
1416,946
1416,1258
1416,1601
1417,435
1418,1147
1419,1280
1419,1229
1419,1286
1419,1402
1420,1176
1420,1234
1420,1289
1420,1158
1420,1230
1421,857
1421,1273
1421,1325
1422,1183
1424,1311
1424,1401
1424,1355
1424,1399
1424,1446
1425,1268
1425,1382
1426,1734
1426,1956
1426,1175
1426,1556
1427,580
1427,1259
1427,1116
1427,1137
1427,1256
1428,1159
1428,1767
1428,1417
1429,513
1429,1134
1430,591
1431,1057
1431,1353
1432,69
1432,1284
1432,1331
1433,1352
1433,1429
1435,913
1435,1206
1435,1358
1435,1388
1435,1318
1436,1385
1437,1157
1437,1379
1437,1388
1438,1168
1438,1372
1438,1301
1438,1967
1440,813
1440,1318
1441,25
1441,1236
1441,1394
1442,358
1442,1369
1442,280
1442,1439
1444,1116
1444,1378
1444,1281
1447,657
1447,1282
1448,1101
1448,1319
1448,1408
1449,1307
1450,1579
1450,535
1451,1354
1451,1360
1451,1346
1452,535
1452,1090
1453,1451
1454,236
1454,1167
1455,1989
1456,1523
1456,247
1456,1338
1458,413
1458,1275
1458,113
1459,1447
1459,902
1459,1101
1460,779
1460,1434
1461,1210
1461,1397
1462,1556
1462,1121
1462,1534
1462,1352
1462,1734
1463,1365
1463,1438
1463,491
1463,757
1464,591
1464,1271
1464,1446
1464,1690
1465,968
1465,1337
1466,1135
1466,1277
1467,1989
1467,1136
1469,1164
1469,1464
1469,147
1470,957
1470,1207
1471,1251
1472,1223
1472,1268
1472,125
1472,524
1472,1396
1472,1232
1473,1363
1473,247
1474,1175
1474,1418
1475,1923
1475,846
1475,1182
1476,1296
1476,1329
1476,791
1476,1449
1476,0
1477,1878
1477,1222
1477,1263
1477,1411
1477,1243
1478,1255
1478,1430
1478,1454
1479,1001
1481,158
1481,635
1481,1623
1482,1180
1482,1398
1483,169
1483,1002
1483,1161
1483,1320
1483,1416
1483,1129
1484,1390
1484,1356
1484,1361
1484,1114
1485,1150
1485,1256
1485,1248
1485,1442
1486,1333
1486,1435
1486,1462
1486,1734
1486,1310
1486,1142
1487,1427
1487,1177
1488,1512
1488,1024
1488,1480
1488,1423
1489,1845
1489,1435
1489,1352
1489,1389
1489,1462
1490,1257
1492,1314
1492,1444
1492,580
1492,1145
1493,1370
1493,1314
1494,1351
1495,47
1496,1186
1496,1226
1496,1359
1496,1119
1497,1232
1498,1446
1499,513
1499,1489
1499,1460
1500,1280
1500,1391
1500,1365
1500,1284
1501,1457
1502,1556
1502,1143
1502,1182
1504,1401
1504,1498
1504,1464
1504,791
1505,1440
1505,1778
1505,1431
1505,835
1506,1178
1506,1265
1506,1277
1506,14
1506,1412
1506,1451
1507,47
1507,1317
1507,1125
1508,1336
1508,1322
1508,1393
1508,1191
1509,1934
1509,1304
1509,1275
1510,1420
1510,1801
1510,25
1511,1298
1511,1459
1511,1497
1511,1756
1513,591
1514,902
1515,1226
1515,1679
1515,1149
1515,113
1516,1153
1516,1303
1517,1142
1517,1274
1517,1204
1517,1310
1518,1435
1518,1148
1519,1446
1519,1690
1519,1454
1519,1470
1519,1190
1519,1339
1520,1024
1520,1376
1520,1440
1521,1623
1521,1130
1521,1192
1521,1248
1521,1494
1521,1487
1522,469
1522,1256
1522,1335
1524,1216
1524,1372
1524,446
1524,1450
1525,224
1527,1131
1527,1270
1528,724
1528,1163
1528,1428
1528,1712
1528,1496
1529,1557
1530,1493
1530,1901
1530,1396
1530,1511
1531,1
1531,1147
1531,1207
1531,247
1532,469
1533,1176
1533,1336
1533,1322
1533,746
1534,1212
1535,1437
1536,1495
1536,391
1537,1377
1538,1024
1538,1488
1538,1297
1538,580
1538,1440
1538,1248
1539,1200
1540,1170
1540,1191
1540,1299
1540,1113
1541,58
1541,1138
1542,1046
1542,1355
1543,1306
1543,1484
1543,336
1543,447
1544,1193
1544,1144
1544,1354
1546,1790
1546,1375
1547,1403
1548,1525
1548,1168
1550,1287
1551,202
1551,946
1551,1391
1551,1432
1552,1157
1552,957
1552,1437
1553,1163
1554,1623
1554,1269
1555,1645
1555,824
1555,1246
1558,1191
1558,1299
1558,1533
1559,1623
1559,358
1559,1521
1559,1269
1559,1778
1560,968
1560,125
1561,1878
1561,1186
1561,1345
1561,1515
1561,1397
1561,546
1562,1323
1562,1450
1562,535
1563,1169
1565,1281
1565,1376
1565,1326
1565,1288
1565,1137
1566,480
1566,1304
1567,990
1567,1174
1567,1393
1568,1223
1569,1225
1569,1376
1569,1480
1569,1347
1569,1554
1570,1168
1570,1211
1570,1410
1570,1541
1570,491
1570,1152
1572,147
1572,1324
1573,1335
1573,635
1573,1256
1573,1439
1573,1723
1573,1133
1573,1565
1573,1423
1575,1889
1576,1412
1576,1238
1576,313
1576,14
1577,1412
1577,1221
1577,1277
1577,1169
1577,1398
1578,1337
1578,1261
1580,780
1580,1571
1580,1254
1581,735
1581,1136
1581,1289
1582,1645
1582,1300
1582,1395
1582,1431
1582,1523
1582,1667
1582,557
1583,1152
1583,1579
1584,1310
1584,1121
1584,1224
1585,1130
1585,1471
1585,835
1585,1512
1585,1569
1585,1133
1586,857
1586,1172
1586,1507
1586,1168
1586,1495
1587,1255
1587,1329
1587,1167
1587,1377
1587,1373
1588,1478
1588,1542
1588,1399
1589,935
1589,1309
1590,1201
1590,1323
1591,1484
1591,1265
1591,225
1591,324
1591,1259
1592,1390
1592,1571
1592,1169
1594,513
1595,1349
1595,1456
1595,1379
1595,1374
1596,1430
1596,1454
1596,1476
1596,1572
1597,1564
1597,1262
1598,1545
1598,1229
1598,1348
1598,1165
1598,1163
1599,324
1599,768
1599,891
1599,1122
1599,1265
1600,1355
1600,1519
1600,236
1600,1366
1602,1967
1602,58
1602,1171
1603,1353
1603,1123
1604,1537
1606,1583
1606,1495
1607,1
1608,1456
1608,1218
1609,1552
1610,1363
1610,1353
1611,1408
1611,868
1611,1267
1612,890
1612,1390
1613,1889
1613,1251
1613,1326
1613,1481
1613,1559
1613,1369
1614,1679
1614,1934
1614,502
1614,546
1614,1119
1615,336
1615,1169
1615,1266
1615,1356
1616,1255
1616,1324
1616,1519
1617,1570
1617,1579
1617,1152
1617,1410
1617,1525
1618,1215
1618,1507
1618,1090
1619,1411
1619,1421
1619,224
1619,1194
1619,1656
1619,1323
1619,535
1620,1182
1621,302
1621,1310
1621,1433
1621,1536
1621,1290
1621,513
1622,1540
1623,1778
1624,1442
1624,1281
1625,1551
1625,946
1625,1320
1625,1213
1626,1211
1626,1524
1626,935
1626,1618
1627,1432
1627,1538
1627,1159
1627,136
1628,1912
1628,1175
1628,1557
1628,1502
1628,1276
1629,546
1629,1181
1629,1270
1629,1131
1629,1458
1630,1525
1630,1945
1630,1439
1631,846
1631,1389
1631,1867
1631,779
1632,1046
1632,1255
1632,1366
1632,591
1633,1190
1633,802
1633,1377
1634,1112
1635,1574
1635,1319
1636,1526
1636,1404
1637,1163
1637,1428
1637,1500
1639,1801
1639,1170
1639,1191
1640,857
1640,1463
1640,1536
1640,1392
1640,1562
1640,1262
1641,669
1641,1447
1641,1472
1641,1560
1642,380
1642,1311
1642,1542
1642,1549
1643,1142
1643,1175
1643,1475
1643,1486
1644,1679
1644,1934
1644,191
1644,180
1646,1090
1646,1443
1646,1618
1647,1112
1647,757
1648,1333
1648,1509
1649,1249
1649,1592
1649,1599
1650,1327
1650,1535
1651,1419
1651,1002
1651,1601
1651,1483
1652,1612
1652,1321
1652,1328
1652,1387
1652,1591
1652,1180
1652,1266
1653,1309
1653,1597
1653,1608
1653,1188
1653,1586
1654,1667
1654,1147
1654,1327
1654,1555
1654,1595
1654,1451
1654,1214
1655,1274
1657,1573
1657,1442
1657,1613
1657,280
1658,1650
1658,1608
1658,1368
1658,1651
1659,313
1659,1265
1659,1466
1659,1173
1660,1534
1660,1502
1660,1574
1660,1413
1660,1643
1661,1024
1661,1177
1661,1538
1662,1258
1662,1483
1662,1528
1663,1224
1663,36
1663,1132
1663,1474
1663,1845
1663,1462
1664,1519
1664,1542
1665,1357
1665,1122
1665,1652
1665,1350
1665,1409
1666,1745
1666,546
1666,1345
1666,1912
1666,1856
1666,180
1669,1438
1669,1579
1669,1653
1670,1878
1670,1270
1670,480
1671,1436
1671,890
1672,1385
1673,1668
1673,1477
1673,1411
1673,1515
1674,1194
1674,1646
1674,1541
1674,1205
1676,302
1676,1584
1676,1663
1676,1489
1676,36
1676,1250
1676,1460
1677,780
1677,1265
1677,1173
1677,1543
1678,491
1678,1438
1678,1463
1678,1372
1679,1212
1680,224
1680,1967
1680,1463
1680,1188
1681,1662
1681,1432
1682,1634
1682,1656
1682,1617
1682,1215
1682,1463
1682,857
1683,1445
1684,1457
1684,202
1684,946
1684,1151
1684,1253
1684,668
1685,1934
1685,1332
1685,1343
1685,1566
1686,1477
1686,1685
1687,1119
1687,1642
1687,1652
1687,1199
1687,613
1688,435
1688,1163
1688,1247
1688,1261
1688,1630
1688,1320
1688,1337
1688,1419
1688,1658
1691,1393
1691,1790
1691,1801
1691,1455
1692,1035
1692,1184
1692,1478
1692,702
1692,1469
1692,1287
1693,1620
1693,1556
1694,1451
1694,1607
1695,1281
1695,1444
1695,1573
1695,1630
1695,1314
1696,1459
1696,1267
1696,1511
1697,224
1697,491
1697,1171
1697,1316
1697,1463
1697,1593
1697,1618
1698,258
1698,1378
1698,1574
1698,1511
1698,1153
1698,1812
1699,1556
1699,1779
1702,1171
1703,1556
1703,1584
1703,1648
1703,1292
1703,1502
1704,1353
1704,1688
1704,1609
1704,1654
1704,1648
1705,1338
1705,1470
1705,1354
1705,1157
1706,1263
1706,191
1706,1856
1706,502
1707,1168
1707,1697
1708,1621
1708,1534
1708,1867
1708,1557
1709,1221
1709,1680
1709,1677
1709,1241
1709,1178
1709,713
1710,1540
1710,1626
1710,1154
1710,1294
1711,1182
1711,1489
1711,1333
1711,1250
1713,1501
1713,1079
1713,1348
1713,1651
1713,1419
1714,1592
1714,225
1714,1398
1715,1538
1715,80
1716,1001
1716,1679
1716,1745
1716,1275
1718,347
1718,1175
1718,1413
1718,1621
1718,1121
1718,1643
1718,1274
1719,1172
1719,1211
1719,1618
1719,1707
1719,1118
1719,1619
1719,1662
1719,1205
1719,1597
1720,1168
1720,1227
1720,1525
1720,1635
1721,1338
1721,1418
1721,1667
1721,1193
1722,1219
1722,1234
1722,1299
1724,1348
1724,1684
1725,1645
1725,1147
1725,1349
1726,1195
1726,1219
1726,1289
1726,1801
1727,1923
1727,1250
1727,1142
1727,1435
1727,1711
1728,1035
1728,1046
1728,1596
1728,1633
1728,1167
1728,147
1728,1355
1729,1383
1729,1635
1730,424
1730,1519
1730,1190
1730,1255
1730,1399
1731,1381
1731,1533
1731,1234
1731,1420
1731,1342
1731,1129
1732,1523
1732,1349
1732,624
1732,1
1733,1372
1733,924
1735,1528
1735,1662
1736,1129
1736,1688
1737,1196
1737,1355
1737,1549
1737,1633
1737,1728
1737,1271
1738,1901
1738,1208
1738,1812
1739,1146
1739,1469
1739,1311
1739,1464
1739,1629
1740,1425
1740,1698
1741,1179
1741,1535
1741,1694
1742,225
1742,1385
1742,1591
1742,1272
1743,413
1744,1002
1744,1286
1744,1627
1744,1419
1746,1468
1746,1779
1746,846
1746,1518
1746,1132
1746,1121
1747,857
1747,1194
1747,1216
1747,1316
1747,1583
1747,1090
1747,1656
1747,1371
1748,1257
1748,1253
1748,1416
1748,724
1748,1545
1749,1158
1749,1558
1749,1726
1749,1217
1749,1790
1750,1153
1750,1282
1751,1749
1751,1467
1752,1742
1753,1369
1753,1419
1753,2
1754,1127
1754,1362
1754,1232
1754,1318
1754,1323
1755,1361
1755,1665
1755,1482
1757,1159
1757,1529
1757,1129
1757,1483
1757,1658
1757,1002
1758,1540
1758,1422
1758,1191
1758,1342
1759,835
1759,1481
1759,1269
1760,1264
1760,1340
1760,1393
1760,1567
1760,746
1760,1790
1761,979
1761,1379
1762,1179
1762,1207
1763,1490
1763,1163
1763,1457
1764,1761
1764,1721
1764,1556
1765,1123
1765,1418
1765,1762
1765,1254
1766,968
1766,1560
1766,1738
1766,1574
1768,1690
1768,1519
1768,1632
1768,1167
1768,1287
1768,1628
1769,1670
1769,1716
1769,1120
1769,1001
1769,1210
1770,1354
1770,1418
1770,1694
1770,1
1771,1667
1771,1246
1771,1418
1771,1453
1771,1555
1771,1523
1771,1704
1771,1451
1772,1553
1772,1364
1772,1391
1772,1713
1773,1450
1773,1536
1773,1653
1773,491
1773,1138
1773,1678
1773,1171
1773,1733
1774,1568
1774,1530
1774,1689
1775,835
1775,1485
1775,1487
1775,1442
1775,1440
1776,1719
1776,1463
1777,1280
1777,1320
1779,1579
1780,1213
1780,1763
1780,1432
1780,1713
1781,1090
1781,1152
1781,1273
1781,1443
1781,1617
1781,1697
1782,535
1782,1090
1782,1216
1782,1647
1782,1172
1783,1261
1783,1491
1783,1683
1783,1890
1784,1279
1784,1198
1784,1013
1784,657
1785,1690
1785,213
1785,1430
1785,1633
1785,1717
1785,702
1785,147
1786,1217
1786,1325
1786,1710
1786,1294
1786,1136
1787,391
1787,602
1787,1234
1787,1336
1787,1420
1787,1510
1788,1281
1788,1481
1788,1573
1788,1521
1788,1145
1789,1366
1789,1367
1789,1588
1791,1390
1791,324
1791,1407
1791,1484
1791,1571
1791,1709
1791,1714
1792,613
1792,1239
1792,1686
1793,1890
1793,1348
1793,1414
1793,1501
1794,1127
1794,1675
1795,1149
1795,1181
1795,1231
1795,1270
1795,1068
1796,1152
1796,1782
1796,1536
1796,1495
1796,1653
1797,1790
1797,602
1797,1158
1797,1176
1797,1233
1797,1422
1797,1787
1797,1760
1798,1225
1798,1313
1798,358
1798,1764
1798,1471
1799,1258
1799,1715
1799,1753
1799,1683
1799,1428
1800,1234
1802,1362
1802,258
1804,1068
1804,1792
1804,1640
1804,502
1804,1527
1804,1120
1805,1472
1805,1530
1806,1518
1806,1718
1806,1727
1806,1292
1806,1224
1806,1132
1807,1497
1807,1396
1807,1448
1808,1159
1808,1414
1809,557
1809,1539
1810,1135
1810,1387
1810,1466
1810,1259
1810,1709
1810,1652
1811,0
1811,1196
1811,1424
1811,1339
1811,1140
1813,1275
1813,1784
1813,1670
1814,1285
1814,1158
1815,868
1815,1220
1815,524
1816,1639
1817,1410
1817,1773
1817,1190
1818,1229
1818,1780
1819,1245
1819,1253
1819,1320
1819,1724
1819,1229
1819,1261
1820,1318
1820,657
1821,1745
1821,1068
1821,1397
1821,1670
1821,1201
1821,613
1822,1387
1823,1223
1823,1279
1824,1124
1824,169
1824,724
1824,1079
1824,1229
1824,1490
1824,1337
1824,1257
1825,1229
1825,1553
1826,1154
1826,1790
1826,1558
1827,1325
1827,1722
1828,535
1828,1371
1828,1815
1828,1640
1829,1140
1829,1542
1829,1747
1829,1588
1829,1469
1829,1190
1829,1446
1830,1462
1830,1663
1830,347
1830,1475
1830,1142
1830,1250
1830,1518
1831,1415
1831,1212
1831,1668
1831,1670
1833,1436
1833,1266
1833,324
1833,1178
1833,1380
1833,768
1835,469
1835,1256
1835,1559
1835,1347
1835,1723
1835,1314
1836,1506
1836,1677
1836,1742
1836,1128
1836,1484
1837,469
1837,1291
1837,1554
1837,1630
1837,1401
1837,1341
1837,1444
1838,990
1838,1236
1838,1682
1838,1826
1838,1183
1838,1760
1839,1455
1839,391
1839,1786
1839,1381
1839,1758
1840,1568
1840,1127
1840,1794
1840,1756
1841,1329
1841,1367
1841,1768
1841,1728
1842,535
1842,1562
1842,1525
1842,1781
1842,1640
1842,1524
1842,1773
1842,1450
1842,1828
1843,1261
1843,1637
1843,1780
1844,225
1844,1356
1844,1833
1845,1290
1846,1776
1846,1283
1847,1535
1847,1609
1847,1762
1847,1846
1847,1123
1848,1280
1848,1684
1848,1257
1848,1348
1848,1793
1849,1673
1849,1821
1849,102
1849,1856
1850,1046
1851,1120
1851,1222
1852,1784
1853,291
1853,1141
1853,1243
1853,1359
1853,1515
1853,1686
1854,1228
1854,657
1855,646
1855,1311
1855,1366
1855,1768
1856,1212
1856,1668
1857,657
1858,1167
1858,1604
1858,1855
1858,424
1858,1399
1858,1035
1858,1717
1859,1635
1859,1220
1859,1448
1860,1290
1860,1643
1860,1701
1860,1143
1860,1489
1860,1117
1861,1127
1861,1805
1861,1307
1862,1330
1862,613
1862,1239
1862,1068
1863,1123
1863,1338
1863,1395
1863,1200
1863,1144
1863,1115
1864,1193
1864,1115
1865,1523
1865,1732
1865,1694
1865,1846
1865,1535
1865,1431
1866,1934
1866,1792
1866,1844
1866,1878
1866,1405
1866,1856
1867,1468
1868,1352
1868,1643
1869,1157
1869,1451
1869,335
1869,1704
1870,890
1870,1357
1870,1321
1871,1668
1871,480
1871,1496
1871,1813
1871,1706
1871,1239
1871,113
1872,1299
1872,1503
1872,1325
1872,1722
1873,36
1873,1117
1873,1175
1873,1474
1873,1468
1873,1518
1874,391
1874,1420
1874,1852
1874,1236
1874,1567
1874,1989
1875,1228
1875,1449
1875,1307
1875,1696
1875,1574
1876,1224
1877,380
1877,646
1877,702
1877,1858
1877,1355
1877,1739
1877,1401
1877,1728
1879,1068
1879,1270
1879,1686
1879,1769
1879,1561
1880,1730
1880,1190
1880,1877
1881,102
1881,1673
1881,191
1881,1415
1882,1452
1882,535
1882,58
1882,1820
1883,1276
1883,1547
1883,1663
1883,1764
1883,1830
1883,1435
1884,1542
1884,1855
1884,1185
1884,1454
1884,1596
1885,1644
1885,1795
1885,691
1885,1862
1885,1685
1886,1799
1886,1735
1886,1261
1886,1844
1887,1226
1887,1411
1887,1527
1887,1804
1887,1685
1888,1128
1888,1350
1888,1356
1888,1409
1888,1506
1888,336
1888,768
1888,1836
1888,1755
1890,1767
1890,1601
1891,1591
1891,1671
1891,1742
1892,1558
1893,1169
1893,1173
1893,1677
1893,1659
1893,1277
1893,1357
1894,879
1894,1267
1894,1861
1894,1365
1895,1552
1895,1704
1895,1283
1895,1694
1896,1158
1896,1375
1896,1503
1896,1533
1896,1581
1896,1892
1896,1834
1896,1751
1897,1293
1897,1420
1897,1691
1897,1342
1898,114
1898,1808
1898,1688
1899,1151
1899,1767
1899,1890
1900,1648
1900,1699
1901,1756
1902,1214
1902,1283
1902,1555
1902,1650
1902,1395
1903,1219
1903,1325
1903,1503
1903,1620
1903,1293
1904,1467
1904,1814
1904,1510
1904,1217
1904,1827
1904,1195
1905,1295
1905,1762
1905,1555
1905,1610
1905,1379
1905,1607
1905,1864
1906,1309
1906,1682
1906,1586
1906,1452
1907,1912
1907,1120
1907,1263
1907,1189
1907,1792
1907,1670
1908,1135
1908,1169
1908,1836
1909,158
1909,1251
1909,1442
1909,1494
1909,1624
1909,1906
1909,1427
1910,1440
1910,1291
1911,813
1911,1145
1913,890
1913,713
1913,1265
1913,1665
1913,1237
1913,1755
1914,1118
1914,1216
1914,1773
1914,1707
1914,1589
1914,1782
1916,1002
1916,1551
1916,1735
1916,946
1916,1753
1917,1712
1918,1297
1918,1580
1918,1791
1918,1252
1919,247
1919,957
1919,1610
1919,1238
1919,1761
1919,1354
1920,1774
1921,1760
1921,1787
1921,1816
1921,1533
1921,1722
1922,1290
1922,1699
1922,1956
1922,1250
1922,1806
1922,1727
1922,1224
1922,1433
1924,147
1924,1616
1924,1046
1924,1633
1924,646
1924,1789
1924,1829
1924,1366
1924,1185
1925,1349
1925,1453
1925,1762
1925,247
1925,1705
1925,1741
1926,502
1926,1405
1926,1866
1926,1879
1926,1181
1927,1834
1927,735
1927,1191
1927,1195
1927,1340
1927,1838
1927,1903
1927,1230
1927,1691
1928,1203
1928,1599
1928,1571
1929,1132
1929,1529
1929,1693
1929,1703
1929,1655
1930,1223
1930,1228
1930,1303
1930,1560
1930,1866
1930,1884
1930,1362
1931,1634
1931,1215
1931,1156
1931,1617
1931,1438
1932,668
1932,1257
1932,1261
1932,1320
1932,1414
1932,2
1932,1793
1933,524
1933,902
1933,1516
1935,1837
1935,1585
1935,1565
1935,635
1935,1492
1936,446
1936,1525
1936,1733
1936,1172
1936,1626
1936,1931
1937,1189
1937,1243
1937,1461
1937,1263
1937,1687
1937,691
1937,1199
1937,1907
1937,1515
1938,1869
1938,1894
1938,1895
1938,1915
1938,1327
1938,1144
1939,147
1939,369
1940,1208
1940,1282
1940,1754
1940,1857
1940,1564
1940,1854
1940,1933
1940,1823
1941,1468
1941,1479
1941,1529
1941,1547
1941,1534
1941,1434
1941,1132
1941,1290
1941,1594
1942,269
1942,1118
1942,1450
1942,1570
1942,1619
1942,1682
1942,1536
1942,1541
1943,1790
1943,1816
1943,1892
1944,1477
1944,1813
1946,1581
1946,1722
1946,1234
1947,1444
1947,1573
1947,1291
1948,1448
1948,1805
1948,1641
1948,1465
1948,1267
1949,1146
1950,1122
1950,1306
1950,1361
1950,1380
1950,1599
1950,1810
1950,1237
1951,1116
1951,1554
1951,1657
1951,1788
1951,1341
1951,1575
1951,1613
1952,1150
1952,1281
1952,1471
1952,1024
1953,1445
1953,1916
1953,1002
1953,1627
1953,1684
1954,1715
1954,202
1954,1598
1954,1368
1954,1331
1955,1319
1955,1383
1955,1729
1955,1859
1955,1153
1955,669
1956,1656
1957,1135
1957,1390
1957,1180
1957,1328
1957,1484
1957,1580
1957,1671
1957,1810
1957,1918
1957,1254
1957,1822
1957,1252
1958,1125
1958,1273
1958,1562
1958,1606
1958,1597
1958,1372
1958,1211
1959,1580
1959,1665
1959,1709
1959,1128
1959,890
1961,1290
1961,1142
1961,1352
1961,1718
1963,1423
1963,1623
1963,1145
1963,1314
1963,1487
1963,1569
1963,1772
1963,1757
1963,1695
1963,1204
1963,1444
1964,779
1964,1175
1964,1143
1964,1922
1964,36
1965,447
1965,1709
1965,1752
1966,80
1966,1159
1966,1724
1966,1825
1966,1337
1966,1445
1967,1112
1968,1282
1968,1303
1968,1425
1968,1875
1968,1943
1968,1807
1968,902
1968,1930
1968,1823
1968,1279
1968,1611
1969,1897
1970,1115
1970,1721
1970,1388
1971,1159
1971,1483
1972,1912
1972,1186
1972,1496
1972,1199
1972,1210
1972,1305
1973,1146
1973,380
1973,802
1973,1164
1973,1324
1973,1430
1973,1513
1973,1811
1973,1588
1973,1542
1973,1636
1974,1470
1974,1338
1975,1883
1976,1616
1976,1855
1976,213
1976,1513
1976,1146
1976,1549
1977,1444
1977,1522
1977,1953
1977,1963
1977,1288
1977,1559
1979,1114
1979,1254
1979,1357
1979,1671
1980,447
1980,1409
1980,1466
1980,1888
1980,1913
1980,1918
1980,1385
1980,1357
1980,1891
1981,624
1981,1388
1981,1451
1981,1470
1981,1654
1981,1925
1981,1863
1981,1938
1981,1379
1982,635
1982,1369
1982,1522
1982,1444
1983,1852
1983,258
1983,1516
1983,1560
1984,779
1984,1182
1984,1406
1985,979
1985,1846
1985,1388
1986,1422
1986,1533
1986,1925
1987,1690
1987,1260
1987,1366
1987,1526
1987,1939
1987,1329
1987,1196
1988,1221
1988,1928
1988,1482
1988,1612
1990,1519
1990,1953
1990,1513
1990,1454
1991,1387
1991,1870
1991,1965
1991,1652
1991,1484
1991,1265
1991,1203
1991,14
1991,1576
1991,1988
1992,1174
1992,1375
1992,1722
1992,1897
1992,1691
1992,1758
1993,1900
1993,1922
1993,1358
1993,1547
1993,1703
1994,1823
1994,1378
1994,1497
1994,1738
1994,1449
1994,558
1994,1362
1995,1557
1995,1274
1995,1718
1995,1663
1995,1956
1996,1297
1996,1427
1996,1695
1996,1910
1996,1024
1997,113
1997,1181
1997,1926
1997,1944
1997,1685
1997,1330
1997,1813
1997,1879
1997,91
1998,1191
1998,1691
1998,1800
1998,1422
1998,1814
1998,990
1998,1533
1999,1445
1999,1202
1999,1662
1999,1932
1999,1996
1999,1257
