0,1
0,2
0,3
0,4
0,5
0,6
0,7
0,8
1,9
1,3
1,4
1,10
1,6
1,7
1,11
2,56
2,3
2,57
2,5
2,6
2,58
2,8
3,4
3,5
3,60
3,61
3,62
4,9
4,10
4,60
4,61
4,63
5,56
5,57
5,60
5,75
5,62
6,7
6,8
6,116
6,117
6,118
7,9
7,11
7,116
7,117
7,119
8,56
8,58
8,116
8,131
8,118
9,12
9,10
9,13
9,11
9,14
9,15
10,12
10,13
10,61
10,63
10,64
11,12
11,14
11,117
11,119
11,120
12,16
12,13
12,17
12,14
12,18
13,16
13,17
13,63
13,64
13,65
14,16
14,18
14,119
14,120
14,121
15,272
15,273
15,96
15,274
15,275
16,19
16,17
16,20
16,18
16,21
16,22
16,23
16,24
16,25
17,19
17,20
17,64
17,65
17,66
18,19
18,21
18,120
18,121
18,122
19,26
19,20
19,27
19,21
19,28
20,26
20,27
20,65
20,66
20,67
21,26
21,28
21,121
21,122
21,123
22,334
22,336
22,343
22,344
22,348
22,173
22,349
23,363
23,364
23,365
23,370
23,371
23,322
23,274
23,275
24,372
24,378
24,384
24,380
24,414
24,144
24,385
25,392
25,398
25,288
25,428
25,394
25,432
25,291
25,289
26,29
26,27
26,30
26,28
26,31
26,32
27,29
27,30
27,66
27,67
27,68
28,29
28,31
28,122
28,123
28,124
29,33
29,30
29,34
29,31
29,35
30,33
30,34
30,67
30,68
30,69
31,33
31,35
31,123
31,124
31,125
32,285
32,287
32,102
32,288
32,289
33,36
33,34
33,37
33,35
33,38
34,36
34,37
34,68
34,69
34,70
35,36
35,38
35,124
35,125
35,126
36,39
36,37
36,40
36,38
36,41
37,39
37,40
37,69
37,70
37,71
38,39
38,41
38,125
38,126
38,127
39,42
39,40
39,43
39,41
39,44
39,45
40,42
40,43
40,70
40,71
40,72
41,42
41,44
41,126
41,127
41,128
42,46
42,43
42,47
42,44
42,48
43,46
43,47
43,71
43,72
43,73
44,46
44,48
44,127
44,128
44,129
45,298
45,300
45,108
45,301
45,299
46,49
46,47
46,50
46,48
46,51
46,52
46,53
46,54
46,55
47,49
47,50
47,72
47,73
47,74
48,49
48,51
48,128
48,129
48,130
49,56
49,50
49,57
49,51
49,58
50,56
50,57
50,73
50,74
50,75
51,56
51,58
51,129
51,130
51,131
52,325
52,328
52,339
52,341
52,346
52,183
52,347
52,185
53,358
53,359
53,361
53,367
53,368
53,317
53,314
53,315
54,400
54,403
54,410
54,412
54,415
54,416
54,144
54,180
55,423
55,424
55,426
55,429
55,430
55,296
55,301
55,299
56,57
56,58
56,59
57,74
57,75
57,62
58,130
58,131
58,118
59,311
59,313
59,114
59,314
59,315
60,61
60,62
60,76
60,77
60,78
61,63
61,76
61,77
61,79
62,75
62,76
62,91
62,78
63,64
63,77
63,79
63,80
64,65
64,79
64,80
64,81
65,66
65,80
65,81
65,82
66,67
66,81
66,82
66,83
67,68
67,82
67,83
67,84
68,69
68,83
68,84
68,85
69,70
69,84
69,85
69,86
70,71
70,85
70,86
70,87
71,72
71,86
71,87
71,88
72,73
72,87
72,88
72,89
73,74
73,88
73,89
73,90
74,75
74,89
74,90
74,91
75,90
75,91
75,78
76,77
76,78
76,92
76,93
76,94
77,79
77,93
77,94
77,95
78,91
78,115
78,92
78,93
79,80
79,96
79,97
79,95
80,81
80,97
80,98
80,99
81,82
81,98
81,99
81,100
82,83
82,99
82,100
82,101
83,84
83,101
83,102
83,103
84,85
84,103
84,104
84,105
85,86
85,104
85,105
85,106
86,87
86,105
86,106
86,107
87,88
87,107
87,108
87,109
88,89
88,109
88,110
88,111
89,90
89,110
89,111
89,112
90,91
90,111
90,112
90,113
91,113
91,114
91,115
92,316
92,318
92,319
92,115
92,93
93,318
93,319
93,321
93,94
94,319
94,321
94,323
94,95
95,321
95,323
95,273
95,96
95,97
96,272
96,276
96,323
96,273
96,97
97,272
97,276
97,279
97,98
98,276
98,279
98,281
98,99
99,279
99,281
99,282
99,100
100,281
100,282
100,283
100,101
101,282
101,283
101,285
101,102
101,103
102,283
102,285
102,287
102,290
102,103
103,287
103,290
103,292
103,104
104,290
104,292
104,293
104,105
105,292
105,293
105,295
105,106
106,293
106,295
106,297
106,107
107,295
107,297
107,298
107,108
107,109
108,297
108,298
108,300
108,302
108,109
109,300
109,302
109,305
109,110
110,302
110,305
110,307
110,111
111,305
111,307
111,308
111,112
112,307
112,308
112,309
112,113
113,308
113,309
113,311
113,114
113,115
114,309
114,311
114,313
114,316
114,115
115,313
115,316
115,318
116,117
116,118
116,132
116,133
116,134
116,135
117,119
117,132
117,133
117,136
118,131
118,132
118,149
118,134
119,120
119,133
119,136
119,137
120,121
120,136
120,137
120,138
121,122
121,137
121,138
121,139
122,123
122,138
122,139
122,140
123,124
123,139
123,140
123,141
124,125
124,140
124,141
124,142
125,126
125,141
125,142
125,143
125,144
126,127
126,142
126,143
126,145
127,128
127,143
127,145
127,146
128,129
128,145
128,146
128,147
129,130
129,146
129,147
129,148
130,131
130,147
130,148
130,149
131,148
131,149
131,134
132,133
132,134
132,150
132,151
132,152
133,136
133,150
133,151
133,153
134,149
134,150
134,165
134,152
135,341
135,342
135,343
135,347
135,348
135,352
135,353
135,354
136,137
136,151
136,153
136,154
137,138
137,153
137,154
137,155
138,139
138,154
138,155
138,156
139,140
139,155
139,156
139,157
140,141
140,156
140,157
140,158
141,142
141,157
141,158
141,159
142,143
142,158
142,159
142,160
143,145
143,159
143,160
143,161
144,412
144,413
144,414
144,416
144,385
144,420
144,421
144,422
145,146
145,160
145,161
145,162
146,147
146,161
146,162
146,163
147,148
147,162
147,163
147,164
148,149
148,163
148,164
148,165
149,164
149,165
149,152
150,151
150,152
150,166
150,167
150,168
151,153
151,166
151,167
151,169
152,165
152,166
152,184
152,168
153,154
153,167
153,169
153,170
154,155
154,169
154,170
154,171
155,156
155,170
155,171
155,172
155,173
156,157
156,171
156,172
156,174
157,158
157,172
157,174
157,175
158,159
158,174
158,175
158,176
159,160
159,175
159,176
159,177
160,161
160,176
160,177
160,178
161,162
161,177
161,178
161,179
161,180
162,163
162,178
162,179
162,181
163,164
163,179
163,181
163,182
163,183
164,165
164,181
164,182
164,184
165,182
165,184
165,168
165,185
166,167
166,168
166,186
166,187
166,188
167,169
167,186
167,187
167,189
168,184
168,186
168,201
168,188
169,170
169,187
169,189
169,190
170,171
170,189
170,190
170,191
171,172
171,190
171,191
171,192
172,174
172,191
172,192
172,193
173,343
173,344
173,348
173,349
173,354
173,355
173,356
174,175
174,192
174,193
174,194
175,176
175,193
175,194
175,195
176,177
176,194
176,195
176,196
177,178
177,195
177,196
177,197
178,179
178,196
178,197
178,198
179,181
179,197
179,198
179,199
180,213
181,182
181,198
181,199
181,200
182,184
182,199
182,200
182,201
183,339
183,341
183,346
183,347
183,350
183,352
184,200
184,201
184,188
185,217
186,187
186,188
186,202
186,203
186,204
187,189
187,202
187,203
187,205
188,201
188,202
188,217
188,204
189,190
189,203
189,205
189,206
190,191
190,205
190,206
190,207
191,192
191,206
191,207
191,208
192,193
192,207
192,208
192,209
193,194
193,208
193,209
193,210
194,195
194,209
194,210
194,211
195,196
195,210
195,211
195,212
196,197
196,211
196,212
196,213
197,198
197,212
197,213
197,214
198,199
198,213
198,214
198,215
199,200
199,214
199,215
199,216
200,201
200,215
200,216
200,217
201,216
201,217
201,204
202,203
202,204
202,218
202,219
202,220
203,205
203,220
203,221
204,217
204,241
204,218
204,240
205,206
205,221
205,222
205,223
206,207
206,223
206,224
206,225
207,208
207,224
207,225
207,226
208,209
208,225
208,226
208,227
209,210
209,228
209,229
209,227
210,211
210,229
210,230
211,212
211,230
211,231
211,232
212,213
212,232
212,233
212,234
213,214
213,234
213,235
213,236
214,215
214,235
214,236
214,237
215,216
215,236
215,237
215,238
216,217
216,237
216,238
216,239
217,238
217,239
217,240
218,241
218,219
219,220
220,221
221,222
221,223
222,242
222,243
222,223
223,242
223,243
223,247
223,224
224,243
224,247
224,249
224,225
225,247
225,249
225,250
225,226
226,249
226,250
226,251
226,227
227,250
227,251
227,253
227,228
227,229
228,251
228,253
228,229
229,230
230,231
231,232
232,233
233,256
233,234
234,256
234,235
235,256
235,257
235,258
235,262
235,236
236,258
236,262
236,264
236,237
237,262
237,264
237,265
237,238
238,264
238,265
238,266
238,239
239,265
239,266
239,268
239,269
239,240
240,269
240,241
241,269
242,243
242,244
242,245
242,246
243,247
243,248
243,245
243,246
244,335
244,336
244,246
244,337
245,247
245,248
245,246
245,376
245,377
245,337
246,336
246,377
246,337
247,249
247,248
248,249
248,250
248,251
248,252
248,375
248,376
248,377
249,250
250,251
250,252
251,253
251,254
251,252
252,253
252,254
252,373
252,375
252,376
253,255
253,254
254,255
254,372
254,373
254,375
255,372
255,373
255,374
256,257
256,258
257,258
257,259
257,260
257,261
258,262
258,260
258,261
258,263
259,399
259,400
259,260
259,401
260,400
260,261
260,401
260,433
261,262
261,263
261,401
261,433
261,434
262,264
262,263
263,264
263,265
263,266
263,267
263,433
263,434
263,435
264,265
265,266
265,267
266,268
266,269
266,267
266,270
267,268
267,270
267,434
267,435
267,326
268,269
268,271
268,270
270,271
270,325
270,435
270,326
271,324
271,325
271,326
272,276
272,273
272,275
272,277
272,278
273,323
273,322
273,274
273,275
274,323
274,370
274,371
274,322
274,275
275,371
275,278
276,279
276,280
276,277
276,278
277,279
277,396
277,397
277,366
277,280
277,278
278,365
278,371
278,397
278,366
279,281
279,280
280,281
280,282
280,283
280,395
280,396
280,397
280,284
281,282
282,283
282,284
283,285
283,286
283,284
284,285
284,393
284,395
284,396
284,286
285,287
285,286
285,288
286,392
286,393
286,395
286,398
286,288
287,290
287,288
287,291
287,289
288,398
288,289
289,290
289,398
289,432
289,291
290,292
290,291
291,292
291,293
291,431
291,432
291,294
292,293
292,294
293,295
293,296
293,294
294,295
294,430
294,431
294,432
294,296
295,297
295,296
296,297
296,298
296,430
296,431
296,299
297,298
297,299
298,300
298,301
298,299
299,429
299,430
299,301
300,302
300,301
300,303
300,304
301,429
301,303
302,305
302,303
302,304
302,306
303,423
303,429
303,425
303,442
303,304
304,305
304,425
304,442
304,443
304,306
305,307
305,306
306,307
306,308
306,309
306,442
306,443
306,444
306,310
307,308
308,309
308,310
309,311
309,310
309,312
310,311
310,443
310,444
310,360
310,312
311,313
311,314
311,312
312,358
312,367
312,314
312,444
312,360
313,316
313,317
313,314
313,315
314,367
314,315
315,316
315,367
315,368
315,317
316,318
316,317
317,318
317,319
317,368
317,369
317,320
318,319
318,320
319,321
319,320
319,322
320,321
320,368
320,369
320,370
320,322
321,323
321,322
322,323
322,369
322,370
324,327
324,325
324,328
325,328
325,339
325,326
325,340
326,339
326,435
326,438
326,340
327,329
327,330
327,328
328,329
328,330
328,338
328,341
328,342
329,331
329,330
330,331
330,332
330,333
330,338
330,334
331,332
332,333
332,334
333,335
333,334
334,335
334,338
334,336
334,342
334,343
335,336
336,344
336,337
336,345
337,344
337,377
337,383
337,345
338,341
338,342
338,343
339,346
339,340
340,346
340,435
340,438
340,441
340,351
341,342
341,347
342,343
343,348
344,349
344,345
345,349
345,377
345,383
345,389
345,357
346,350
346,351
347,352
347,353
348,353
348,354
348,355
349,355
349,356
349,357
350,358
350,359
350,351
350,360
351,358
351,438
351,441
351,444
351,360
352,353
352,359
352,361
352,362
353,354
353,361
353,362
353,363
354,355
354,362
354,363
354,364
355,356
355,363
355,364
355,365
356,364
356,365
356,357
356,366
357,365
357,383
357,389
357,397
357,366
358,359
358,367
358,360
359,361
359,367
359,368
360,367
360,441
360,444
361,362
361,368
361,369
362,363
362,368
362,369
362,370
363,364
363,369
363,370
364,365
364,370
364,371
365,371
365,366
366,371
366,389
366,397
368,369
369,370
372,373
372,378
372,379
372,374
372,380
373,375
373,378
373,379
373,381
374,408
374,380
375,376
375,379
375,381
375,382
376,377
376,381
376,382
376,383
377,382
377,383
378,379
378,384
378,385
379,381
379,384
379,386
379,387
380,407
380,408
380,405
380,409
380,413
380,414
381,382
381,386
381,387
381,388
382,383
382,387
382,388
382,389
383,388
383,389
384,390
384,386
384,385
384,391
385,390
385,414
385,421
385,422
385,391
386,390
386,387
386,392
386,393
386,395
387,388
387,393
387,395
387,396
388,389
388,395
388,396
388,397
389,396
389,397
390,392
390,393
390,391
390,394
391,392
391,422
391,428
391,394
392,393
392,398
392,394
393,395
393,398
394,398
394,422
394,428
394,432
395,396
396,397
399,402
399,400
399,403
400,403
400,410
400,401
400,411
401,410
401,433
401,411
401,436
402,404
402,405
402,403
403,404
403,405
403,409
403,412
403,413
404,406
404,405
405,406
405,407
405,408
405,409
406,407
407,408
409,412
409,413
409,414
410,415
410,416
410,411
411,415
411,433
411,436
411,419
411,439
412,413
412,416
413,414
415,416
415,417
415,418
415,419
416,417
416,418
416,420
416,421
417,418
417,423
417,424
417,419
417,425
418,420
418,423
418,424
418,426
419,423
419,436
419,439
419,425
419,442
420,421
420,424
420,426
420,427
421,422
421,426
421,427
421,428
422,427
422,428
423,424
423,429
423,425
424,426
424,429
424,430
425,429
425,439
425,442
426,427
426,430
426,431
427,428
427,430
427,431
427,432
428,431
428,432
430,431
431,432
433,434
433,436
433,437
434,435
434,436
434,437
434,438
435,437
435,438
436,437
436,439
436,440
437,438
437,439
437,440
437,441
438,440
438,441
439,440
439,442
439,443
440,441
440,442
440,443
440,444
441,443
441,444
442,443
443,444
