0,1
0,2
0,3
0,4
0,5
0,6
0,7
0,8
0,9
1,37
1,2
1,357
1,358
1,3
1,359
2,31
2,130
2,830
2,9
2,35
2,132
2,831
2,832
2,833
3,36
3,37
3,4
4,36
4,39
4,5
5,395
5,122
5,396
5,39
5,6
6,395
6,393
6,125
6,7
6,863
7,865
7,863
7,8
8,865
8,869
8,867
8,9
9,31
9,32
9,869
9,409
9,127
10,11
10,12
10,13
10,14
10,15
10,16
11,779
11,780
11,782
11,12
11,945
11,16
12,13
12,945
13,945
13,947
13,948
13,14
14,948
14,15
14,453
14,998
14,999
14,996
15,449
15,16
15,453
16,449
16,452
16,626
16,785
16,780
17,18
17,19
17,20
17,21
17,22
17,23
18,103
18,104
18,105
18,20
18,23
18,106
19,134
19,871
19,137
19,418
19,20
19,138
19,21
19,106
20,106
21,138
21,1013
21,22
22,828
22,1013
22,23
22,829
23,130
23,104
23,828
23,827
23,131
23,133
24,25
24,26
24,27
24,28
24,29
24,30
25,164
25,165
25,166
25,28
25,29
26,480
26,888
26,485
26,890
26,27
26,30
27,480
27,28
28,166
28,480
29,486
29,165
29,30
29,487
30,889
30,890
30,487
30,159
31,32
31,33
31,34
31,35
32,33
32,127
32,128
32,129
33,128
33,131
33,34
34,130
34,131
34,35
35,130
36,37
36,38
36,39
36,40
37,360
37,361
37,40
37,358
37,359
38,368
38,369
38,370
38,124
38,39
38,40
39,124
39,396
40,361
40,857
40,368
41,42
41,43
41,44
41,45
42,156
42,43
42,142
42,44
43,139
43,47
43,617
43,48
43,142
43,45
44,156
44,461
44,464
44,45
45,617
45,464
45,178
46,47
46,48
46,49
46,50
46,51
47,139
47,140
47,48
47,51
47,155
48,612
48,617
48,49
49,612
49,50
50,611
50,612
50,616
50,51
50,939
51,940
51,939
51,879
51,155
52,53
52,54
52,55
52,56
52,57
52,58
52,59
52,60
53,503
53,505
53,56
53,60
54,506
54,507
54,508
54,55
54,58
54,59
55,905
55,507
55,882
55,56
56,505
56,901
56,902
56,905
57,59
57,540
57,541
57,504
57,60
58,59
59,506
59,513
59,527
59,540
60,499
60,503
60,504
61,62
61,63
61,64
61,65
61,66
61,67
62,63
62,194
62,67
63,192
63,197
63,193
63,194
63,66
63,201
64,576
64,523
64,575
64,525
64,65
64,67
65,576
65,577
65,922
65,66
66,197
66,922
66,199
66,519
67,567
67,194
67,571
67,575
68,69
68,70
68,71
68,72
68,73
69,70
69,73
70,292
70,293
70,72
70,294
70,73
71,731
71,72
71,732
71,73
71,734
72,292
72,646
72,266
72,647
72,734
73,722
73,723
73,731
73,724
73,294
74,75
74,76
74,77
74,78
74,79
75,651
75,218
75,264
75,76
75,77
76,264
76,265
76,79
77,218
77,692
77,78
78,691
78,692
78,79
79,644
79,645
79,691
79,265
79,646
80,81
80,82
80,83
80,84
80,85
80,86
80,87
80,88
81,86
81,87
81,636
81,637
81,638
82,781
82,83
82,782
82,941
82,85
82,942
82,943
82,786
83,84
83,944
83,941
84,90
84,92
84,250
84,944
84,87
85,633
85,88
85,635
85,942
86,636
86,261
86,262
86,88
87,92
87,637
88,633
88,655
88,262
88,634
89,90
89,91
89,92
89,93
89,94
89,95
90,249
90,91
90,92
90,250
91,249
91,94
91,952
91,953
91,951
92,637
92,93
93,639
93,637
93,638
93,643
93,95
94,95
94,953
94,974
95,252
95,253
95,643
95,257
95,974
96,97
96,98
96,99
96,100
96,101
96,102
97,98
97,99
97,241
98,754
98,755
98,238
98,747
98,100
98,241
99,236
99,241
99,242
99,769
99,101
100,756
100,755
100,759
100,757
100,102
101,769
101,978
101,979
101,102
101,766
102,756
102,979
102,980
102,758
103,104
103,105
103,826
104,826
104,827
105,128
105,410
105,412
105,106
105,826
106,871
106,410
107,108
107,109
107,110
107,111
107,112
108,875
108,110
108,112
109,419
109,110
109,423
109,111
110,419
110,420
110,405
110,875
110,406
111,423
111,148
111,444
111,112
112,875
112,444
112,416
113,114
113,115
113,116
113,117
113,118
113,119
114,403
114,404
114,118
114,119
115,116
115,409
115,410
115,411
115,412
115,118
116,866
116,117
116,869
116,867
116,409
117,866
117,119
117,408
117,868
118,403
118,411
118,405
118,873
119,404
119,408
120,121
120,122
120,123
120,124
120,125
120,126
121,393
121,125
121,394
121,126
122,395
122,124
122,125
122,396
123,386
123,397
123,370
123,124
123,126
123,400
123,392
124,370
124,396
125,395
125,393
126,394
126,866
126,399
126,868
126,400
127,409
127,129
128,870
128,129
128,412
128,826
128,827
128,131
129,409
129,870
130,131
130,132
130,133
131,827
132,828
132,133
132,831
132,829
133,828
134,135
134,136
134,137
134,138
135,817
135,797
135,796
135,136
135,138
135,821
136,795
136,796
136,137
137,413
137,795
137,415
137,418
138,821
138,1013
139,140
139,141
139,142
139,143
140,153
140,141
140,154
140,155
141,457
141,153
141,143
142,433
142,156
142,143
143,457
143,433
143,435
143,441
144,145
144,146
144,147
144,148
144,149
144,150
144,151
144,152
145,439
145,440
145,423
145,148
145,152
146,442
146,150
146,151
147,443
147,148
147,444
147,445
147,446
147,149
148,423
148,444
149,446
149,442
149,150
149,451
149,877
150,442
151,456
151,457
151,442
151,152
151,458
152,457
152,439
152,441
153,455
153,456
153,457
153,154
154,229
154,230
154,455
154,454
154,234
154,155
155,233
155,234
155,879
156,432
156,433
156,459
156,434
156,460
156,461
157,158
157,159
157,160
157,161
157,162
157,163
158,481
158,485
158,889
158,159
158,163
159,889
159,487
159,160
160,486
160,487
160,161
160,488
161,891
161,488
161,892
161,495
161,162
162,492
162,495
162,163
163,481
163,491
163,492
163,482
164,371
164,366
164,374
164,375
164,376
164,165
164,166
164,377
165,371
165,486
165,372
166,477
166,377
166,860
166,473
166,480
167,168
167,169
167,170
167,171
167,172
167,173
168,169
168,605
168,173
168,600
168,606
169,517
169,518
169,185
169,605
169,170
170,518
170,171
170,189
170,923
171,188
171,172
171,189
171,924
171,594
172,602
172,603
172,924
172,173
173,596
173,602
173,599
173,600
174,175
174,176
174,177
174,178
174,179
174,180
175,611
175,615
175,176
175,180
176,607
176,610
176,515
176,613
176,615
176,177
177,512
177,515
177,516
177,178
178,509
178,617
178,464
178,510
178,512
178,179
179,617
179,180
180,611
180,612
180,617
181,182
181,183
181,184
181,185
181,186
182,513
182,528
182,514
182,183
182,186
183,539
183,528
183,540
183,532
183,184
184,529
184,532
184,533
184,185
185,517
185,533
185,605
185,519
185,520
185,186
186,608
186,514
186,605
187,188
187,189
187,190
187,191
188,189
188,592
188,191
188,593
188,594
189,923
189,190
189,925
190,211
190,202
190,926
190,925
190,590
190,191
190,591
191,211
191,212
191,592
192,193
192,194
192,195
192,196
193,578
193,195
193,201
193,580
193,205
194,567
194,196
195,581
195,196
195,580
196,567
196,572
196,581
196,707
196,920
196,562
196,574
196,569
196,207
197,198
197,199
197,200
197,201
197,202
197,203
198,517
198,518
198,199
198,200
199,517
199,519
200,518
200,923
200,203
200,925
201,578
201,202
202,578
202,926
202,203
202,579
202,590
203,926
203,925
204,205
204,206
204,207
204,208
204,209
205,578
205,582
205,589
205,580
205,579
205,206
205,207
206,589
206,584
206,209
206,586
207,581
207,582
207,705
207,707
207,208
208,670
208,705
208,585
208,209
208,679
209,583
209,585
209,586
210,211
210,212
210,213
210,214
210,215
211,212
211,213
211,591
212,220
212,221
212,592
212,595
212,214
213,666
213,587
213,588
213,591
213,215
214,216
214,220
214,217
214,219
214,215
215,666
215,219
216,217
216,218
216,219
217,220
217,222
217,654
217,218
218,654
218,651
218,667
218,955
218,219
218,689
218,956
218,692
219,665
219,666
219,667
220,221
220,222
221,595
221,222
222,595
222,631
222,954
222,653
222,654
223,224
223,225
223,226
223,227
223,228
224,940
224,938
224,225
224,227
225,623
225,935
225,618
225,938
225,226
226,619
226,623
226,228
227,783
227,940
227,784
227,879
227,228
228,619
228,783
228,942
228,786
228,624
229,230
229,231
229,232
229,233
229,234
230,449
230,454
230,450
230,232
231,625
231,232
231,233
231,452
232,449
232,452
233,625
233,234
233,784
233,879
233,627
235,236
235,237
235,238
235,239
235,240
235,241
235,242
235,243
235,244
236,765
236,242
236,769
236,243
237,289
237,238
237,240
237,291
238,289
238,290
238,738
238,747
238,241
239,975
239,953
239,240
239,244
240,257
240,953
240,974
240,291
241,242
243,765
243,985
243,809
243,313
243,991
243,244
244,975
244,991
244,993
244,976
245,246
245,247
245,248
245,249
245,250
245,251
246,945
246,247
246,250
247,945
247,248
248,945
248,251
248,949
248,950
248,947
249,250
249,251
249,951
250,945
250,944
250,946
251,774
251,951
251,950
252,253
252,254
252,255
252,256
252,257
253,642
253,643
253,254
254,733
254,642
254,256
255,743
255,256
255,257
255,739
255,745
256,733
256,742
256,743
257,974
257,291
257,739
258,259
258,260
258,261
258,262
259,650
259,260
259,262
259,651
259,264
260,263
260,641
260,261
260,264
260,267
261,636
261,641
261,262
262,650
262,655
262,652
263,264
263,265
263,266
263,267
264,651
264,265
265,646
265,266
266,646
266,734
266,267
267,640
267,641
267,734
268,269
268,270
268,271
268,272
268,273
269,274
269,277
269,720
269,721
269,270
269,273
270,721
270,967
270,272
271,284
271,967
271,272
271,273
271,288
272,967
273,274
273,284
273,275
273,286
274,275
274,276
274,277
274,278
275,280
275,276
275,286
276,279
276,280
276,283
276,278
277,713
277,714
277,702
277,282
277,283
277,720
277,278
278,283
279,280
279,281
279,282
279,283
280,292
280,698
280,699
280,648
280,281
280,286
281,680
281,681
281,648
281,683
281,686
281,711
281,282
282,700
282,711
282,702
282,709
282,703
282,283
284,285
284,286
284,287
284,288
285,696
285,698
285,286
285,697
285,287
286,698
287,697
287,968
287,288
288,967
288,968
288,969
288,759
289,290
289,291
290,737
290,738
290,291
290,739
291,739
292,693
292,293
292,696
292,698
292,699
292,647
293,693
293,694
293,294
293,695
294,723
294,694
294,725
295,296
295,297
295,298
295,299
295,300
295,301
296,302
296,303
296,298
296,304
296,299
297,305
297,760
297,298
297,300
297,764
297,355
298,302
298,305
299,340
299,767
299,768
299,304
299,342
299,982
299,301
300,301
300,344
300,354
300,764
301,340
301,344
302,305
302,306
302,307
302,303
303,309
303,307
303,304
303,311
304,309
304,767
304,761
305,760
305,306
306,980
306,758
306,981
306,760
306,307
307,981
307,311
308,309
308,310
308,311
308,312
308,313
308,314
309,761
309,311
309,762
309,314
309,763
310,765
310,312
310,766
310,313
311,981
311,312
312,978
312,980
312,981
312,766
313,765
313,985
313,314
314,983
314,984
314,985
314,763
315,316
315,317
315,318
315,319
316,320
316,318
316,321
316,322
316,319
317,770
317,771
317,318
317,778
317,319
317,773
318,320
318,776
318,773
319,322
319,789
319,778
320,774
320,775
320,776
320,321
320,777
321,994
321,322
321,777
321,997
321,996
322,994
322,789
323,324
323,325
323,326
323,327
323,328
324,834
324,325
324,326
324,815
324,835
325,835
325,833
325,328
326,810
326,1011
326,813
326,815
326,327
327,1011
327,328
327,1016
327,841
328,836
328,837
328,833
328,1017
328,838
328,1016
329,330
329,331
329,332
329,333
329,334
329,335
330,331
330,336
330,337
330,334
330,338
330,339
331,806
331,336
331,807
331,808
331,809
331,332
332,807
332,849
332,333
333,801
333,848
333,849
333,335
334,1021
334,335
334,343
334,338
335,842
335,848
335,1021
335,846
336,767
336,762
336,984
336,806
336,337
336,763
337,767
337,768
337,339
337,982
338,342
338,343
338,339
339,342
339,982
340,341
340,342
340,343
340,344
341,353
341,343
341,344
341,1022
341,1023
341,851
342,343
342,982
343,1021
343,1022
344,351
344,353
344,354
345,346
345,347
345,348
345,349
345,350
346,852
346,347
346,851
346,853
346,348
347,850
347,353
347,851
347,350
348,853
348,349
349,830
349,854
349,853
349,350
350,850
350,830
350,355
350,356
351,352
351,353
351,354
351,355
351,356
352,354
352,764
352,355
353,850
353,356
353,851
354,764
355,830
355,759
355,760
355,764
355,356
356,850
357,362
357,364
357,360
357,358
358,360
358,359
360,362
360,855
360,361
360,365
361,855
361,856
361,857
362,363
362,364
362,365
362,366
362,367
363,373
363,364
363,374
363,367
364,372
364,373
365,855
365,366
365,375
365,856
366,374
366,367
366,375
367,374
368,861
368,857
368,369
368,382
369,379
369,388
369,382
369,370
370,386
370,388
371,372
371,373
371,374
372,486
372,373
372,490
373,374
375,858
375,856
375,376
376,858
376,377
376,859
376,857
377,860
377,859
378,379
378,380
378,381
378,382
378,383
378,384
378,385
379,388
379,382
379,383
379,390
379,391
380,381
380,385
381,473
381,382
381,474
381,385
381,475
381,476
382,861
382,474
383,862
383,390
383,472
383,384
384,459
384,468
384,472
384,471
384,470
384,876
384,385
385,483
385,876
385,475
386,387
386,388
386,389
386,390
386,391
386,392
387,427
387,389
387,392
387,426
387,428
388,391
389,427
389,430
389,390
389,472
390,862
390,391
390,472
392,397
392,398
392,402
392,425
392,426
393,863
393,864
393,394
394,864
394,866
397,398
397,399
397,400
398,401
398,399
398,402
399,401
399,408
399,868
399,400
401,403
401,407
401,408
401,402
401,425
402,425
403,404
403,405
403,406
403,407
403,408
404,408
405,873
405,414
405,875
405,406
406,420
406,407
407,420
407,424
407,425
408,868
409,869
409,870
409,412
410,871
410,872
410,411
410,412
411,872
411,873
412,870
413,414
413,415
413,416
413,417
413,418
414,873
414,874
414,875
414,416
414,417
415,795
415,416
415,1004
415,794
416,875
416,444
416,445
416,448
416,1004
417,874
417,418
418,871
418,872
418,874
419,420
419,421
419,422
419,423
420,424
420,422
421,427
421,422
421,428
421,423
421,429
422,424
422,426
422,428
423,437
423,440
423,429
424,425
424,426
425,426
426,428
427,430
427,428
427,431
427,429
429,437
429,431
429,438
430,472
430,471
430,431
431,468
431,471
431,438
432,433
432,434
432,435
432,436
433,435
434,437
434,459
434,438
434,436
435,436
435,441
436,437
436,441
437,438
437,439
437,440
437,441
438,459
438,468
439,440
439,441
441,457
442,458
442,451
443,445
443,446
443,447
443,448
444,445
445,448
446,447
446,877
447,877
447,448
447,878
448,1004
448,878
449,450
449,451
449,452
449,453
450,454
450,458
450,451
451,458
451,453
451,877
452,625
452,626
453,998
453,877
454,455
454,456
454,458
455,456
456,457
456,458
459,468
459,460
459,469
459,470
460,463
460,461
460,469
461,462
461,463
461,464
462,463
462,464
462,465
462,466
462,467
463,469
463,467
464,465
464,510
465,510
465,466
466,509
466,510
466,511
466,880
466,494
466,467
467,494
467,469
468,471
469,482
469,494
469,887
469,470
470,887
470,876
471,472
472,862
473,477
473,860
473,474
473,476
473,478
474,860
474,859
474,861
475,483
475,476
475,479
475,888
475,484
476,478
476,479
477,478
477,479
477,480
478,479
479,480
479,888
480,888
481,482
481,483
481,484
481,485
482,491
482,494
482,887
482,483
483,887
483,876
483,484
484,888
484,485
485,888
485,889
485,890
486,487
486,488
486,489
486,490
488,891
488,893
488,489
489,893
489,895
489,896
489,898
489,500
489,490
490,498
490,500
490,908
490,501
490,913
490,565
490,566
490,707
491,492
491,493
491,494
492,493
492,495
492,496
492,497
493,880
493,883
493,494
493,496
493,886
493,885
494,880
495,892
495,497
496,886
496,497
496,893
497,892
497,893
498,499
498,500
498,501
499,500
499,502
499,503
499,504
499,501
500,898
500,900
500,502
501,504
501,908
502,899
502,900
502,503
502,505
503,505
504,541
504,542
504,906
504,907
504,908
505,899
505,901
505,897
506,513
506,508
506,514
506,515
506,516
507,512
507,508
507,882
508,512
508,516
509,510
509,511
509,512
511,880
511,881
511,512
511,882
512,882
512,516
513,527
513,528
513,514
514,607
514,608
514,515
515,607
515,516
517,518
517,519
517,520
518,923
519,533
519,922
519,520
521,522
521,523
521,524
521,525
521,526
522,556
522,559
522,523
522,560
522,526
522,537
523,560
523,575
523,525
524,576
524,577
524,525
524,526
524,533
524,922
525,576
526,537
526,531
526,533
527,528
527,540
528,540
529,530
529,531
529,532
529,533
530,534
530,535
530,536
530,537
530,531
530,538
530,532
531,537
531,533
532,539
532,538
533,922
534,550
534,535
534,547
534,537
535,550
535,915
535,536
536,543
536,910
536,915
536,538
537,547
537,559
537,548
538,539
538,543
539,540
539,541
539,542
539,543
540,541
541,542
542,543
542,906
543,909
543,906
543,910
544,545
544,546
544,547
544,548
545,549
545,550
545,546
545,547
545,551
545,552
546,549
546,555
546,558
546,559
546,548
547,550
547,548
548,559
549,553
549,552
549,554
549,555
550,915
550,916
550,551
551,916
551,565
551,552
552,553
552,565
553,565
553,554
553,566
554,566
554,555
555,566
555,917
555,919
555,563
555,558
556,557
556,558
556,559
556,560
556,561
557,562
557,563
557,558
557,561
557,564
558,563
558,559
560,572
560,573
560,561
560,575
561,573
561,574
561,564
562,921
562,920
562,563
562,574
562,564
563,921
563,919
564,574
565,913
565,914
565,916
565,566
566,917
566,918
566,707
567,568
567,569
567,570
567,571
568,570
568,571
569,572
569,570
569,575
570,571
570,575
571,575
572,573
572,574
572,575
573,574
576,577
577,922
578,579
579,589
579,590
580,581
580,582
581,582
583,584
583,585
583,586
583,587
583,588
584,589
584,586
584,587
584,591
585,670
585,588
587,588
587,591
588,666
588,670
589,590
589,591
590,591
592,593
592,927
592,595
593,594
593,928
593,927
594,603
594,924
594,928
595,927
595,931
595,631
596,597
596,598
596,599
596,600
596,601
597,598
597,601
597,618
598,622
598,934
598,599
598,618
599,602
599,934
599,929
599,604
600,609
600,610
600,606
600,613
600,601
601,613
601,935
601,618
602,603
602,604
603,924
603,928
603,604
604,928
604,929
605,608
605,606
606,607
606,608
606,609
607,608
607,609
607,610
609,610
610,613
611,612
611,613
611,614
611,615
611,616
612,617
613,935
613,614
613,615
614,935
614,936
614,616
616,936
616,939
616,937
616,938
618,622
618,623
618,935
619,620
619,621
619,622
619,623
619,624
620,628
620,629
620,621
620,624
620,630
620,631
621,932
621,629
621,622
621,933
622,623
622,933
622,934
624,628
624,633
624,635
624,942
624,632
625,626
625,627
626,627
626,785
627,784
627,785
628,632
628,630
629,932
629,931
629,631
630,657
630,658
630,632
630,631
631,657
631,931
631,653
632,633
632,634
632,658
633,634
633,635
634,655
634,656
634,658
635,942
636,638
636,641
637,638
638,639
638,641
639,640
639,641
639,642
639,643
640,641
640,732
640,642
640,734
642,732
642,733
642,643
644,645
644,646
644,647
644,648
644,649
645,691
645,688
645,649
646,647
647,699
647,648
648,699
648,649
648,683
649,688
649,683
650,652
650,653
650,654
650,651
651,654
652,655
652,656
652,653
653,656
653,657
653,954
653,654
654,954
655,656
656,657
656,658
657,658
659,660
659,661
659,662
659,663
659,664
660,669
660,957
660,958
660,661
660,662
660,962
660,963
661,663
661,690
661,963
662,677
662,959
662,669
662,664
662,960
663,664
663,684
663,964
663,690
664,960
664,964
665,666
665,667
665,668
665,669
666,670
666,668
666,671
666,672
667,955
667,669
667,957
668,674
668,671
668,959
668,669
669,959
669,957
670,672
670,676
670,678
670,679
671,674
671,672
671,675
672,675
672,676
673,674
673,675
673,676
673,677
673,678
674,675
674,677
674,959
675,676
676,678
677,959
677,678
677,960
678,960
678,679
678,961
679,705
679,961
679,708
680,681
680,682
680,683
681,682
681,684
681,685
681,686
682,687
682,684
682,688
682,683
683,688
684,687
684,966
684,964
684,690
684,685
685,965
685,966
685,686
686,965
686,711
686,708
687,688
687,689
687,690
688,691
688,689
689,691
689,690
689,956
689,692
690,956
690,963
691,692
693,694
693,695
693,696
693,697
694,695
694,725
694,730
694,697
696,698
696,697
697,730
697,968
700,701
700,702
700,703
700,704
701,709
701,703
701,704
701,712
702,713
702,704
703,709
704,713
704,714
704,720
704,716
704,717
704,712
705,706
705,707
705,708
705,709
705,710
706,711
706,708
706,709
707,918
707,920
708,961
708,965
708,711
709,711
709,712
709,710
710,715
710,717
710,712
710,718
710,967
712,717
713,714
714,720
715,716
715,717
715,718
715,719
716,720
716,717
716,719
718,719
718,967
719,720
719,721
719,967
720,721
721,967
722,723
722,724
722,725
722,726
722,727
722,728
722,729
723,725
724,731
724,726
724,733
724,735
724,736
725,730
725,728
726,971
726,727
726,736
727,971
727,729
728,730
728,729
729,730
729,969
729,971
729,970
730,968
730,969
731,732
731,733
732,733
732,734
733,742
733,735
735,740
735,742
735,736
736,740
736,971
736,741
736,746
737,738
737,741
737,739
737,744
737,745
738,741
738,746
738,747
738,748
738,749
739,745
740,741
740,742
740,743
740,744
741,746
741,744
742,743
743,744
743,745
744,745
746,971
746,972
746,973
746,748
747,754
747,749
748,973
748,753
748,749
749,750
749,754
749,752
749,753
750,751
750,752
750,753
751,969
751,970
751,972
751,752
751,753
751,759
752,754
752,755
752,759
753,972
753,973
754,755
755,759
756,757
756,758
757,759
757,758
757,760
758,980
758,760
759,967
759,969
759,760
761,767
761,762
762,767
762,763
763,984
765,769
765,766
766,769
766,978
767,768
768,982
770,771
770,772
770,773
771,798
771,792
771,778
771,772
771,799
772,987
772,989
772,808
772,809
772,991
772,799
772,773
773,991
773,992
773,976
773,776
774,977
774,951
774,775
774,777
774,950
775,977
775,776
776,976
776,977
777,949
777,950
777,997
778,787
778,789
778,792
779,780
779,781
779,782
780,785
780,781
781,783
781,785
781,782
781,786
782,945
782,946
782,941
783,784
783,785
783,786
784,879
784,785
786,942
786,943
787,788
787,789
787,790
787,791
787,792
787,793
787,794
788,797
788,791
788,796
788,794
789,994
789,995
789,790
789,1002
790,1002
790,1003
790,1000
790,794
791,797
791,793
792,1006
792,798
792,793
793,797
793,1006
793,825
793,1012
793,1008
794,795
794,1003
794,1004
794,796
795,796
796,797
797,817
797,823
797,825
798,1005
798,1006
798,799
799,987
799,1005
799,990
800,801
800,802
800,803
800,804
800,805
801,803
801,847
801,843
801,848
801,805
801,849
802,986
802,987
802,988
802,804
802,805
803,1009
803,1010
803,847
803,804
804,988
804,1009
804,1008
805,986
805,849
806,983
806,984
806,809
807,986
807,989
807,808
807,849
808,989
808,809
809,983
809,985
809,991
810,811
810,812
810,813
810,814
810,815
811,818
811,820
811,824
811,813
811,814
812,1015
812,1014
812,824
812,814
812,815
813,819
813,1011
813,820
814,824
815,834
815,831
815,1015
815,832
816,817
816,818
816,819
816,820
816,821
817,819
817,822
817,823
817,821
818,820
818,821
818,824
819,1010
819,847
819,1011
819,820
819,822
821,1013
821,1014
821,824
822,1009
822,1010
822,823
823,1009
823,825
824,1014
825,1009
825,1012
825,1008
826,827
828,829
829,1013
829,831
829,1015
829,1014
830,836
830,833
830,838
830,854
831,1015
831,832
832,834
832,833
833,834
833,836
833,835
833,837
834,835
836,837
836,838
838,1017
838,1020
838,854
839,840
839,841
839,842
839,843
840,844
840,845
840,841
840,842
841,1011
841,845
841,1016
841,843
842,844
842,843
842,848
842,846
843,847
843,1011
843,848
844,845
844,846
845,1017
845,1019
845,1016
845,846
846,1017
846,1018
846,1021
847,1010
847,1011
849,986
851,852
851,1023
851,853
852,853
853,1023
853,854
854,1023
854,1020
855,856
856,858
856,857
857,858
857,859
857,861
859,860
859,861
863,865
863,864
864,865
864,866
865,866
865,867
866,867
866,868
867,869
871,872
872,873
872,874
873,874
876,887
877,998
877,878
878,998
878,1003
878,1000
878,1004
879,940
880,883
880,884
880,881
881,884
881,904
881,905
881,882
882,905
883,885
883,884
884,885
884,903
884,904
885,886
885,901
885,897
885,903
885,902
886,894
886,893
886,897
889,890
891,892
891,893
892,893
893,894
893,895
894,895
894,896
894,897
895,896
896,898
896,897
897,898
897,899
897,901
898,899
898,900
899,900
901,902
902,903
902,904
902,905
903,904
904,905
906,909
906,907
907,909
907,908
908,909
908,913
908,911
909,911
909,912
909,910
910,912
910,914
910,915
911,913
911,912
911,914
912,914
913,914
914,915
914,916
915,916
917,918
917,919
918,920
918,919
919,921
919,920
920,921
923,925
925,926
927,928
927,931
927,930
928,929
928,930
929,933
929,934
929,930
930,932
930,931
930,933
931,932
932,933
933,934
935,936
935,937
935,938
936,937
937,938
938,940
938,939
939,940
941,944
941,946
942,943
944,946
945,946
945,947
947,949
947,997
947,948
948,997
948,996
949,950
949,997
951,975
951,952
951,977
952,975
952,953
953,975
953,974
955,957
955,958
955,956
956,958
956,962
956,963
957,958
958,962
960,961
960,965
960,964
961,965
962,963
964,965
964,966
965,966
968,969
969,970
970,971
970,972
971,972
972,973
975,976
975,977
976,992
976,993
976,977
978,979
978,980
979,980
980,981
983,984
983,985
986,987
986,989
987,989
987,990
987,988
988,1007
988,990
988,1008
990,1005
990,1007
991,992
991,993
992,993
994,995
994,996
995,1001
995,996
995,1002
996,997
996,999
996,1001
998,999
998,1000
999,1001
999,1002
999,1000
1000,1002
1000,1003
1001,1002
1003,1004
1005,1006
1005,1007
1006,1007
1006,1008
1007,1008
1008,1009
1008,1012
1009,1010
1013,1014
1014,1015
1016,1017
1016,1019
1017,1018
1017,1019
1017,1020
1018,1021
1018,1022
1018,1023
1018,1020
1020,1023
1021,1022
1022,1023
