0,1
0,2
0,3
0,4
0,5
0,6
0,7
1,8
1,2
1,3
1,9
2,3
2,32
2,33
2,4
2,5
2,6
2,7
2,34
2,35
3,8
3,9
3,32
3,33
3,36
4,6
5,7
6,32
6,34
7,32
7,35
8,10
8,9
8,11
9,10
9,11
9,37
9,33
9,36
10,12
10,11
10,13
11,12
11,13
11,37
11,38
11,36
12,13
13,37
13,38
14,15
14,16
14,17
15,18
15,16
15,17
15,19
16,58
16,59
16,17
17,18
17,58
17,59
17,19
17,60
18,20
18,19
18,21
19,20
19,59
19,21
19,60
19,61
20,22
20,21
20,23
21,22
21,23
21,60
21,61
21,62
22,24
22,23
22,25
23,24
23,25
23,61
23,62
23,63
24,26
24,25
24,27
25,26
25,27
25,62
25,63
25,64
26,27
26,28
26,29
26,30
26,31
27,63
27,64
27,28
27,29
27,30
27,31
27,65
27,66
28,30
29,31
30,64
30,65
31,64
31,66
32,33
32,67
32,34
32,35
32,68
32,69
33,36
33,67
33,70
34,67
34,68
35,67
35,69
36,37
36,39
36,41
36,70
37,39
37,40
37,38
37,41
38,39
38,40
39,40
39,42
39,43
39,41
39,44
40,42
40,43
41,42
41,44
41,70
41,71
42,43
42,45
42,46
42,44
43,45
43,46
44,45
44,49
44,71
45,46
45,47
45,48
45,49
46,47
46,48
47,48
47,50
47,51
47,49
48,50
48,51
49,50
49,54
49,71
49,72
50,51
50,52
50,53
50,54
51,52
51,53
52,53
52,55
52,56
52,54
52,57
53,55
53,56
54,56
54,57
54,72
55,56
55,58
55,59
56,58
56,59
56,57
56,60
57,59
57,60
57,72
57,73
58,59
59,60
60,61
60,73
61,62
61,73
61,74
62,63
62,74
63,64
63,74
63,75
64,75
64,65
64,66
64,76
64,77
65,75
65,76
66,75
66,77
67,70
67,78
67,79
67,68
67,69
67,80
67,81
68,78
68,80
69,78
69,81
70,71
70,78
70,79
70,82
71,72
71,79
71,82
71,83
72,73
72,82
72,83
72,84
73,74
73,83
73,84
73,85
74,75
74,84
74,85
74,86
75,85
75,86
75,76
75,77
75,87
75,88
76,86
76,87
77,86
77,88
78,79
78,89
78,90
78,80
78,81
78,91
78,92
79,82
79,89
79,90
79,93
80,89
80,91
81,89
81,92
82,83
82,90
82,93
82,94
83,84
83,93
83,94
83,95
84,85
84,94
84,95
84,96
85,86
85,95
85,96
85,97
86,96
86,97
86,87
86,88
86,98
86,99
87,97
87,98
88,97
88,99
89,90
89,100
89,101
89,91
89,92
89,102
89,103
90,93
90,100
90,101
90,104
91,100
91,102
92,100
92,103
93,94
93,101
93,104
93,105
94,95
94,104
94,105
94,106
95,96
95,105
95,106
95,107
96,97
96,106
96,107
96,108
97,107
97,108
97,98
97,99
97,109
97,110
98,108
98,109
99,108
99,110
100,101
100,111
100,112
100,102
100,103
100,113
100,114
101,104
101,111
101,112
101,115
102,111
102,113
103,111
103,114
104,105
104,112
104,115
104,116
105,106
105,115
105,116
105,117
106,107
106,116
106,117
106,118
107,108
107,117
107,118
107,119
108,118
108,119
108,109
108,110
108,120
108,121
109,119
109,120
110,119
110,121
111,112
111,122
111,123
111,113
111,114
111,124
111,125
112,115
112,122
112,123
112,126
113,122
113,124
114,122
114,125
115,116
115,123
115,126
115,127
116,117
116,126
116,127
116,128
117,118
117,127
117,128
117,129
118,119
118,128
118,129
118,130
119,129
119,130
119,120
119,121
119,131
119,132
120,130
120,131
121,130
121,132
122,123
122,133
122,134
122,124
122,125
122,135
122,136
123,126
123,133
123,134
123,137
124,133
124,135
125,133
125,136
126,127
126,134
126,137
126,138
127,128
127,137
127,138
127,139
128,129
128,138
128,139
128,140
129,130
129,139
129,140
129,141
130,140
130,141
130,131
130,132
130,142
130,143
131,141
131,142
132,141
132,143
133,134
133,144
133,145
133,135
133,136
133,146
133,147
134,137
134,145
134,148
134,149
135,144
135,146
136,144
136,147
137,138
137,149
137,150
137,151
138,139
138,151
138,152
138,153
139,140
139,153
139,154
139,155
140,141
140,155
140,156
140,157
141,157
141,158
141,142
141,143
141,159
141,160
142,158
142,159
143,158
143,160
144,145
144,161
144,162
144,146
144,147
144,163
144,164
145,148
145,161
145,162
145,165
146,161
146,163
147,161
147,164
148,149
148,162
148,165
148,166
148,167
148,168
149,150
149,167
149,168
149,169
150,151
150,168
150,169
150,170
151,152
151,170
151,171
151,172
152,153
152,172
152,173
152,174
153,154
153,173
153,174
153,175
154,155
154,174
154,175
154,176
154,177
154,178
155,156
155,177
155,178
155,179
156,157
156,178
156,179
156,180
157,158
157,179
157,180
157,181
158,180
158,181
158,159
158,160
158,182
158,183
159,181
159,182
160,181
160,183
161,162
161,184
161,185
161,163
161,164
161,186
161,187
162,165
162,184
162,185
162,188
163,184
163,186
164,184
164,187
165,166
165,167
165,185
165,188
165,189
166,167
166,188
166,189
166,190
166,191
166,192
167,168
167,191
167,192
167,193
168,169
168,192
168,193
168,194
169,170
169,193
169,194
169,195
170,171
170,194
170,195
170,196
171,172
171,195
171,196
171,197
172,173
172,196
172,197
172,198
173,174
173,197
173,198
173,199
174,175
174,198
174,199
174,200
175,176
175,177
175,199
175,200
175,201
176,177
176,200
176,201
176,202
176,203
176,204
177,178
177,203
177,204
177,205
178,179
178,204
178,205
178,206
179,180
179,205
179,206
179,207
180,181
180,206
180,207
180,208
181,207
181,208
181,182
181,183
181,209
181,210
182,208
182,209
183,208
183,210
184,185
184,211
184,212
184,186
184,187
184,213
184,214
185,188
185,211
185,212
185,215
186,211
186,213
187,211
187,214
188,189
188,212
188,215
188,216
189,190
189,191
189,217
189,215
189,216
190,191
190,217
190,216
191,192
192,193
193,194
194,195
195,196
196,197
197,198
198,199
199,200
200,201
201,202
201,203
202,218
202,203
202,219
203,218
203,204
203,219
203,238
204,205
204,219
204,238
204,239
205,206
205,238
205,239
205,240
206,207
206,239
206,240
206,241
207,208
207,240
207,241
207,242
208,241
208,242
208,209
208,210
208,243
208,244
209,242
209,243
210,242
210,244
211,212
211,245
211,246
211,213
211,214
211,247
211,248
212,215
212,245
212,246
212,249
213,245
213,247
214,245
214,248
215,216
215,237
215,246
215,249
216,236
216,217
216,237
216,249
217,236
217,237
218,220
218,221
218,219
219,220
219,221
219,238
219,255
220,222
220,223
220,221
221,222
221,223
221,238
221,254
221,255
222,224
222,225
222,223
223,224
223,225
223,253
223,254
223,255
224,226
224,227
224,225
225,226
225,227
225,253
225,254
226,228
226,229
226,227
227,228
227,229
227,252
227,253
228,230
228,231
228,229
229,230
229,231
229,252
230,232
230,233
230,231
231,232
231,233
231,251
231,252
232,234
232,235
232,233
233,234
233,235
233,250
233,251
234,236
234,237
234,235
235,236
235,237
235,249
235,250
235,251
236,237
237,249
237,250
238,239
238,255
238,256
239,240
239,255
239,256
239,257
240,241
240,256
240,257
240,258
241,242
241,257
241,258
241,259
242,258
242,259
242,243
242,244
242,260
242,261
243,259
243,260
244,259
244,261
245,246
245,262
245,247
245,248
245,263
245,264
246,249
246,262
246,265
247,262
247,263
248,262
248,264
249,250
249,265
250,251
250,265
250,266
251,252
251,266
252,253
252,266
252,267
253,254
253,267
254,255
254,267
254,268
255,256
255,268
256,257
256,268
256,269
257,258
257,269
258,259
258,269
258,270
259,270
259,260
259,261
259,271
259,272
260,270
260,271
261,270
261,272
262,265
262,273
262,274
262,263
262,264
262,275
262,276
263,273
263,275
264,273
264,276
265,266
265,273
265,274
265,277
266,267
266,274
266,277
266,278
267,268
267,277
267,278
267,279
268,269
268,278
268,279
268,280
269,270
269,279
269,280
269,281
270,280
270,281
270,271
270,272
270,282
270,283
271,281
271,282
272,281
272,283
273,274
273,284
273,285
273,275
273,276
273,286
273,287
274,277
274,284
274,285
274,288
275,284
275,286
276,284
276,287
277,278
277,285
277,288
277,289
278,279
278,288
278,289
278,290
279,280
279,289
279,290
279,291
280,281
280,290
280,291
280,292
281,291
281,292
281,282
281,283
281,293
281,294
282,292
282,293
283,292
283,294
284,285
284,295
284,296
284,286
284,287
284,297
284,298
285,288
285,295
285,296
285,299
286,295
286,297
287,295
287,298
288,289
288,296
288,299
288,300
289,290
289,299
289,300
289,301
290,291
290,300
290,301
290,302
291,292
291,301
291,302
291,303
292,302
292,303
292,293
292,294
292,304
292,305
293,303
293,304
294,303
294,305
295,296
295,306
295,307
295,297
295,298
295,308
295,309
296,299
296,306
296,307
296,310
297,306
297,308
298,306
298,309
299,300
299,307
299,310
299,311
300,301
300,310
300,311
300,312
301,302
301,311
301,312
301,313
302,303
302,312
302,313
302,314
303,313
303,314
303,304
303,305
303,315
303,316
304,314
304,315
305,314
305,316
306,307
306,317
306,318
306,308
306,309
306,319
306,320
307,310
307,317
307,318
307,321
308,317
308,319
309,317
309,320
310,311
310,318
310,321
310,322
311,312
311,321
311,322
311,323
312,313
312,322
312,323
312,324
313,314
313,323
313,324
313,325
314,324
314,325
314,315
314,316
314,326
314,327
315,325
315,326
316,325
316,327
317,318
317,328
317,329
317,319
317,320
317,330
317,331
318,321
318,328
318,329
318,332
319,328
319,330
320,328
320,331
321,322
321,329
321,332
321,333
322,323
322,332
322,333
322,334
323,324
323,333
323,334
323,335
324,325
324,334
324,335
324,336
325,335
325,336
325,326
325,327
325,337
325,338
326,336
326,337
327,336
327,338
328,329
328,339
328,340
328,330
328,331
328,341
328,342
329,332
329,339
329,340
329,343
330,339
330,341
331,339
331,342
332,333
332,340
332,343
332,344
333,334
333,343
333,344
333,345
334,335
334,344
334,345
334,346
335,336
335,345
335,346
335,347
336,346
336,347
336,337
336,338
336,348
336,349
337,347
337,348
338,347
338,349
339,340
339,350
339,351
339,341
339,342
339,352
339,353
340,343
340,350
340,351
340,354
341,350
341,352
342,350
342,353
343,344
343,351
343,354
343,355
344,345
344,354
344,355
344,356
345,346
345,355
345,356
345,357
346,347
346,356
346,357
346,358
347,357
347,358
347,348
347,349
347,359
347,360
348,358
348,359
349,358
349,360
350,351
350,361
350,362
350,352
350,353
350,363
350,364
351,354
351,361
351,362
351,365
352,361
352,363
353,361
353,364
354,355
354,362
354,365
354,366
355,356
355,365
355,366
355,367
356,357
356,366
356,367
356,368
357,358
357,367
357,368
357,369
358,368
358,369
358,359
358,360
358,370
358,371
359,369
359,370
360,369
360,371
361,362
361,372
361,373
361,363
361,364
361,374
361,375
362,365
362,373
362,376
362,377
363,372
363,374
364,372
364,375
365,366
365,377
365,378
365,379
366,367
366,379
366,380
366,381
367,368
367,381
367,382
367,383
368,369
368,383
368,384
369,384
369,370
369,371
369,385
369,386
370,384
370,385
371,384
371,386
372,373
372,387
372,374
372,375
372,388
372,389
373,376
373,387
373,390
374,387
374,388
375,387
375,389
376,377
376,390
376,391
377,378
377,391
377,392
378,379
378,393
378,392
379,380
379,393
379,394
380,381
380,393
380,394
380,395
381,382
381,394
381,395
381,396
382,383
382,395
382,396
382,397
383,384
383,397
383,398
383,399
384,399
384,400
384,385
384,386
384,401
384,402
385,400
385,401
386,400
386,402
387,390
387,416
387,417
387,388
387,389
387,418
387,419
388,416
388,418
389,416
389,419
390,391
390,416
390,417
390,420
391,392
391,417
391,420
391,421
392,393
392,403
392,420
392,421
392,422
393,394
393,403
393,404
394,395
394,404
394,405
394,406
395,396
395,406
395,407
395,408
396,397
396,408
396,409
396,410
397,398
397,409
397,410
397,411
398,399
398,410
398,411
398,412
399,400
399,411
399,412
399,413
400,412
400,413
400,401
400,402
400,414
400,415
401,413
401,414
402,413
402,415
403,404
403,422
403,423
403,424
403,425
404,405
404,423
404,424
404,426
405,406
405,424
405,426
405,427
406,407
406,426
406,427
406,428
407,408
407,427
407,428
407,429
408,409
408,428
408,429
408,430
409,410
409,429
409,430
409,431
409,432
409,433
410,411
410,432
410,433
410,434
411,412
411,433
411,434
411,435
412,413
412,434
412,435
412,436
413,435
413,436
413,414
413,415
413,437
413,438
413,439
414,436
414,437
415,438
415,439
416,417
416,440
416,441
416,418
416,419
416,442
416,443
417,420
417,444
417,440
417,441
418,441
418,442
419,441
419,443
420,421
420,445
420,444
420,440
421,422
421,446
421,445
422,423
422,425
422,446
423,424
423,425
423,447
423,448
424,426
424,447
424,449
424,448
425,447
425,454
425,455
425,446
426,427
426,449
426,450
426,448
427,428
427,449
427,450
427,451
428,429
428,450
428,451
428,452
429,430
429,451
429,452
429,453
430,452
430,453
430,431
430,432
431,453
431,432
431,467
431,468
431,469
432,433
432,468
433,434
433,468
433,470
433,471
434,435
434,472
434,470
434,471
435,436
435,472
435,470
436,472
436,437
436,473
436,474
436,439
437,472
437,473
438,439
439,472
439,474
440,444
440,441
440,636
440,635
440,633
441,636
441,635
441,442
441,443
441,637
441,638
442,636
442,637
443,636
443,638
444,445
444,629
444,635
444,633
445,446
445,625
445,618
445,629
446,454
446,624
446,455
446,625
447,448
447,456
447,457
447,458
447,454
447,459
448,449
448,456
448,460
449,450
449,456
449,460
449,461
450,451
450,460
450,461
450,462
451,452
451,461
451,462
451,463
452,453
452,462
452,463
453,463
453,464
453,465
453,466
453,467
454,458
454,459
454,491
454,455
455,459
455,623
455,624
455,491
455,625
456,460
456,457
456,475
456,458
457,460
457,475
457,458
457,478
457,479
457,480
458,459
458,478
458,479
458,490
459,478
459,492
459,490
459,491
460,461
460,475
460,476
461,462
461,475
461,476
461,477
462,463
462,476
462,477
462,464
463,477
463,464
463,465
464,477
464,465
464,486
464,487
464,488
465,487
465,488
465,489
465,466
465,467
466,488
466,489
466,467
466,469
466,506
466,507
467,468
467,469
467,506
468,469
468,471
468,509
468,510
469,506
469,509
469,510
469,511
470,472
470,471
470,514
470,517
471,509
471,518
471,514
471,517
472,514
472,473
472,474
472,515
472,516
473,514
473,515
474,514
474,516
475,476
475,480
475,481
475,482
476,477
476,482
476,483
476,484
477,484
477,485
477,486
478,479
478,490
478,493
478,494
478,495
479,480
479,494
479,495
479,496
480,481
480,495
480,496
480,497
481,482
481,496
481,497
481,498
482,483
482,497
482,498
482,499
483,484
483,498
483,499
483,500
484,485
484,499
484,500
484,501
485,486
485,500
485,501
485,502
486,487
486,501
486,502
486,503
487,488
487,502
487,503
487,504
488,489
488,503
488,504
488,505
489,506
489,507
489,504
489,505
489,508
490,492
490,491
490,628
490,493
490,494
491,626
491,623
491,624
491,492
492,626
492,623
492,627
492,628
492,493
493,628
493,494
494,495
495,496
496,497
497,498
498,499
499,500
500,501
501,502
502,503
503,504
504,505
505,507
505,508
506,507
506,510
506,511
506,512
507,511
507,512
507,508
507,513
508,512
508,513
509,510
509,518
509,519
510,511
510,518
510,519
510,520
511,512
511,521
511,519
511,520
512,521
512,513
512,522
513,521
513,522
514,517
514,532
514,515
514,516
514,533
514,534
515,532
515,533
516,532
516,534
517,518
517,525
517,532
517,535
518,519
518,525
518,526
519,520
519,525
519,526
519,527
520,521
520,523
520,528
520,526
520,527
521,523
521,522
521,524
522,523
522,524
523,528
523,524
523,529
524,528
524,529
525,526
525,535
525,536
526,527
526,535
526,536
526,537
527,528
527,530
527,536
527,537
527,538
528,530
528,529
528,531
529,530
529,531
530,537
530,538
530,531
530,539
531,538
531,539
532,535
532,540
532,541
532,533
532,534
532,542
532,543
533,541
533,542
534,541
534,543
535,536
535,544
535,545
535,540
536,544
536,537
536,546
536,545
537,538
537,546
537,545
537,550
538,546
538,550
538,539
538,551
539,550
539,551
540,544
540,549
540,541
541,544
541,549
541,651
541,542
541,543
541,652
541,653
542,651
542,652
543,651
543,653
544,545
544,547
544,548
544,549
545,546
545,553
545,547
546,550
546,552
546,553
546,547
547,553
547,556
547,558
547,559
547,560
547,548
547,549
548,559
548,560
548,549
548,649
548,650
548,651
549,650
549,651
550,552
550,553
550,551
550,554
551,552
551,554
552,553
552,555
552,556
552,554
552,557
553,555
553,556
553,558
554,555
554,557
555,556
555,561
555,557
555,562
556,558
556,561
556,563
556,564
557,561
557,562
558,559
558,563
558,564
558,565
559,564
559,565
559,566
559,560
560,565
560,566
560,648
560,649
560,650
561,567
561,563
561,562
561,568
562,567
562,568
563,567
563,564
563,569
563,571
563,572
564,565
564,571
564,572
564,573
565,572
565,573
565,574
565,566
566,573
566,574
566,647
566,648
566,649
567,569
567,568
567,570
568,569
568,570
569,575
569,571
569,570
569,576
570,575
570,576
571,575
571,572
571,577
571,579
571,580
572,573
572,579
572,580
572,581
573,580
573,581
573,582
573,574
574,581
574,582
574,646
574,647
574,648
575,577
575,576
575,578
576,577
576,578
577,583
577,579
577,578
577,584
578,583
578,584
579,583
579,580
579,585
579,587
579,588
580,581
580,587
580,588
580,589
581,588
581,589
581,590
581,582
582,589
582,590
582,645
582,646
582,647
583,585
583,584
583,586
584,585
584,586
585,591
585,587
585,586
585,592
586,591
586,592
587,591
587,588
587,593
587,594
587,596
588,589
588,594
588,596
589,596
589,597
589,590
590,596
590,597
590,644
590,645
590,646
591,593
591,594
591,592
591,595
592,593
592,595
593,594
593,598
593,599
593,595
593,600
594,596
594,598
594,599
594,601
595,598
595,600
596,599
596,601
596,602
596,603
596,597
597,602
597,603
597,644
597,645
598,599
598,604
598,605
598,600
598,606
599,601
599,604
599,605
599,607
600,604
600,606
601,605
601,607
601,608
601,602
602,607
602,608
602,630
602,603
603,630
603,631
603,632
603,644
604,605
604,609
604,610
604,606
604,611
605,607
605,609
605,610
605,612
606,609
606,611
607,610
607,612
607,613
607,608
608,612
608,613
608,630
608,629
608,631
609,610
609,614
609,611
609,615
610,612
610,614
610,616
610,617
611,614
611,615
612,616
612,617
612,618
612,613
613,617
613,618
613,629
614,619
614,616
614,620
614,615
615,619
615,620
616,619
616,617
616,621
616,623
616,624
617,623
617,624
617,625
617,618
618,624
618,625
618,629
619,621
619,620
619,622
620,621
620,622
621,626
621,623
621,622
621,627
622,626
622,627
623,626
623,624
624,625
626,627
626,628
627,628
629,631
629,633
630,631
630,632
631,633
631,634
631,632
632,633
632,634
632,644
632,662
632,663
632,664
633,635
633,643
633,634
634,643
634,661
634,662
634,663
635,636
635,639
635,640
635,643
636,639
636,640
636,637
636,638
636,641
636,642
637,639
637,641
638,639
638,642
639,640
639,654
639,655
639,656
639,641
639,642
639,657
639,658
640,643
640,655
640,659
640,660
640,661
641,654
641,657
642,654
642,658
643,660
643,661
643,662
644,645
644,663
644,664
645,646
645,664
645,665
646,647
646,665
647,648
647,665
647,666
648,649
648,666
648,667
649,650
649,666
649,667
649,668
650,651
650,667
650,668
651,668
651,652
651,653
651,669
651,670
652,668
652,669
653,668
653,670
654,655
654,656
654,671
654,672
654,657
654,658
654,673
654,674
655,656
655,659
655,660
656,659
656,671
656,672
657,671
657,673
658,671
658,674
659,660
659,672
659,675
659,676
659,677
660,661
660,676
660,677
660,678
661,662
661,677
661,678
661,679
662,663
662,680
662,678
662,679
662,681
663,664
663,680
663,682
663,683
664,665
664,683
664,684
664,685
665,666
665,684
665,685
665,686
666,667
666,685
666,686
666,687
667,668
667,686
667,687
668,687
668,669
668,670
668,688
668,689
669,687
669,688
670,687
670,689
671,672
671,691
671,692
671,673
671,674
671,693
671,694
672,675
672,676
672,691
672,692
672,695
673,691
673,693
674,691
674,694
675,676
675,696
675,692
675,695
675,697
675,698
676,677
676,696
676,699
676,697
677,678
677,696
677,699
677,700
678,679
678,699
678,700
678,701
679,680
679,681
679,700
679,701
679,702
680,681
680,690
680,682
681,690
681,701
681,702
681,703
681,682
682,690
682,683
682,705
682,706
682,723
683,684
683,723
683,724
684,685
684,724
684,725
684,726
685,686
685,726
685,727
685,728
686,687
686,728
686,729
687,729
687,688
687,689
687,730
687,731
688,729
688,730
689,729
689,731
690,702
690,703
690,704
690,705
690,706
691,692
691,732
691,733
691,693
691,694
691,734
691,735
692,695
692,732
692,733
692,736
693,732
693,734
694,732
694,735
695,697
695,698
695,733
695,736
695,737
696,699
696,707
696,708
696,697
696,709
697,707
697,698
697,709
697,738
698,709
698,738
698,736
698,737
698,739
699,700
699,707
699,708
699,710
700,701
700,708
700,710
700,711
701,702
701,710
701,711
701,712
702,703
702,711
702,712
702,713
703,712
703,713
703,714
703,704
703,705
704,713
704,714
704,705
704,743
704,744
704,745
705,706
705,744
705,745
705,746
706,723
706,745
706,746
706,747
707,708
707,709
707,715
707,716
707,717
708,710
708,716
708,717
708,718
709,738
709,740
709,715
709,716
710,711
710,717
710,718
710,719
711,712
711,718
711,719
711,720
712,713
712,719
712,720
712,721
713,720
713,721
713,722
713,714
714,721
714,722
714,742
714,743
714,744
715,738
715,740
715,716
716,717
717,718
718,719
719,720
720,721
721,722
722,742
722,743
723,724
723,746
723,747
723,748
724,725
724,747
724,748
724,749
725,726
725,748
725,749
725,750
726,727
726,749
726,750
726,751
727,728
727,750
727,751
727,752
728,729
728,751
728,752
729,752
729,730
729,731
729,753
729,754
730,752
730,753
731,752
731,754
732,733
732,755
732,756
732,734
732,735
732,757
732,758
733,736
733,759
733,755
733,756
733,760
734,755
734,757
735,755
735,758
736,737
736,759
736,761
736,760
737,738
737,739
737,759
737,761
737,762
738,740
738,739
738,741
739,740
739,761
739,762
739,741
739,763
740,741
741,762
741,763
742,773
742,774
742,743
743,773
743,774
743,779
743,744
744,774
744,779
744,780
744,745
745,779
745,780
745,746
745,782
746,780
746,747
746,782
746,783
746,784
747,748
747,783
747,784
747,785
748,749
748,784
748,785
748,786
749,750
749,785
749,786
749,787
750,751
750,786
750,787
750,788
751,752
751,787
751,788
752,788
752,753
752,754
752,789
752,790
753,788
753,789
754,788
754,790
755,756
755,791
755,792
755,757
755,758
755,793
755,794
756,795
756,760
756,791
756,792
757,791
757,793
758,791
758,794
759,761
759,764
759,760
759,765
759,766
760,795
760,765
760,766
761,762
761,767
761,764
761,766
762,763
762,768
762,767
762,764
763,768
763,767
764,767
764,770
764,775
764,766
764,776
765,795
765,798
765,766
765,776
765,797
765,799
766,775
766,798
766,776
767,768
767,769
767,770
767,775
768,769
768,770
769,771
769,770
769,772
770,771
770,775
770,772
770,777
771,773
771,772
771,774
772,773
772,775
772,777
772,774
772,779
773,774
774,777
774,779
775,777
775,776
775,778
776,777
776,798
776,781
776,778
777,779
777,780
777,778
778,779
778,780
778,798
778,781
778,782
779,780
780,781
780,782
781,798
781,782
781,801
781,799
781,800
782,783
782,801
782,802
783,784
783,801
783,802
783,803
784,785
784,802
784,803
784,804
785,786
785,803
785,804
785,805
786,787
786,804
786,805
786,806
787,788
787,805
787,806
788,806
788,789
788,790
788,807
788,808
789,806
789,807
790,806
790,808
791,792
791,816
791,817
791,793
791,794
791,818
791,819
792,795
792,796
792,816
792,817
793,816
793,818
794,816
794,819
795,796
795,797
796,797
796,817
796,820
796,821
796,822
797,798
797,799
797,821
797,822
797,823
798,799
798,800
799,800
799,822
799,823
799,824
800,801
800,809
800,823
800,824
800,825
801,802
801,809
801,810
802,803
802,809
802,810
802,811
803,804
803,810
803,811
803,812
804,805
804,811
804,812
804,813
805,806
805,812
805,813
806,813
806,807
806,808
806,814
806,815
807,813
807,814
808,813
808,815
809,810
809,824
809,825
809,826
809,827
810,811
810,827
810,828
811,812
811,827
811,828
811,829
812,813
812,828
812,829
813,829
813,814
813,815
813,830
813,831
814,829
814,830
815,829
815,831
816,817
816,832
816,833
816,818
816,819
816,834
816,835
817,820
817,821
817,832
817,833
817,836
818,832
818,834
819,832
819,835
820,821
820,837
820,838
820,833
820,836
820,839
821,822
821,837
821,838
821,840
822,823
822,838
822,840
822,841
823,824
823,840
823,841
823,842
824,825
824,841
824,842
824,843
825,826
825,827
825,842
825,843
825,844
826,827
826,843
826,844
826,845
826,846
826,847
827,828
827,845
827,846
827,848
828,829
828,846
828,848
829,848
829,830
829,831
829,849
829,850
830,848
830,849
831,848
831,850
832,893
832,894
832,833
832,834
832,835
832,898
832,899
833,893
833,894
833,902
833,836
834,893
834,898
835,893
835,899
836,837
836,894
836,902
836,904
836,839
837,838
837,851
837,852
837,839
837,853
838,840
838,851
838,852
838,854
839,851
839,902
839,904
839,877
839,853
840,841
840,852
840,854
840,855
841,842
841,854
841,855
841,856
842,843
842,855
842,856
842,857
843,844
843,856
843,857
843,858
844,845
844,857
844,858
844,859
844,847
845,846
845,847
845,860
845,861
845,862
846,848
846,861
846,862
847,858
847,859
847,875
847,860
847,861
848,862
848,849
848,850
848,863
848,864
849,862
849,863
850,862
850,864
851,852
851,865
851,866
851,867
851,853
852,854
852,866
852,867
852,868
853,865
853,866
853,876
853,904
853,877
854,855
854,867
854,868
854,869
855,856
855,868
855,869
855,870
856,857
856,869
856,870
856,871
857,858
857,870
857,871
857,872
858,859
858,871
858,872
858,873
859,872
859,873
859,874
859,875
859,860
860,875
860,861
860,879
860,888
860,889
861,862
861,888
861,889
861,890
862,889
862,890
862,863
862,864
862,891
862,892
863,890
863,891
864,890
864,892
865,866
865,876
865,877
866,867
867,868
868,869
869,870
870,871
871,872
872,873
873,874
873,875
874,878
874,875
874,879
875,878
875,879
875,888
876,886
876,877
876,887
877,886
877,904
877,887
877,905
878,880
878,881
878,879
879,880
879,881
879,888
879,908
880,882
880,883
880,881
881,882
881,883
881,888
881,907
881,908
882,884
882,885
882,883
883,884
883,885
883,906
883,907
883,908
884,886
884,887
884,885
885,886
885,887
885,905
885,906
885,907
886,887
887,904
887,905
887,906
888,889
888,908
888,909
889,890
889,908
889,909
889,910
890,909
890,910
890,911
890,891
890,892
890,912
890,913
891,911
891,912
892,911
892,913
893,894
893,895
893,896
893,897
893,898
893,899
893,900
893,901
894,902
894,896
894,897
894,903
895,896
895,898
895,899
895,900
895,901
896,897
896,914
897,902
897,903
897,915
897,914
898,900
899,901
902,904
902,903
902,905
903,904
903,905
903,906
903,915
903,914
904,905
905,906
905,915
906,907
906,915
906,916
907,908
907,915
907,916
907,909
908,916
908,909
909,916
909,917
909,910
910,916
910,917
910,911
911,912
911,913
914,915
914,916
914,917
915,916
915,917
916,917
