12,3920
13,3920
15,3920
16,3920
17,3920
18,3920
19,3920
19,668
20,3920
21,3920
22,3920
23,3920
24,3920
26,3920
26,22
26,23
27,26
32,3920
32,524
32,591
35,1112
35,591
43,42
44,2
45,4031
46,45
48,45
49,45
50,45
51,45
52,45
53,45
54,45
55,45
56,45
57,45
59,45
60,45
61,45
62,45
63,4031
64,63
65,63
66,63
67,63
68,63
70,63
71,63
72,63
73,63
74,63
75,63
76,63
77,63
78,63
79,4031
81,79
82,79
83,79
84,79
85,79
86,79
87,79
88,79
89,79
90,79
92,79
93,79
94,4031
95,94
96,94
97,94
98,94
99,94
100,94
101,94
103,94
104,94
105,94
106,94
107,94
108,94
109,94
110,94
111,94
112,94
115,94
116,94
117,94
118,94
119,94
120,94
121,94
122,94
123,94
124,94
126,94
127,94
128,94
129,94
130,94
131,94
132,94
133,94
134,94
135,94
137,94
138,94
139,94
140,94
141,94
142,94
143,94
144,94
145,94
146,94
148,94
149,94
150,94
151,94
152,94
153,4031
154,4142
155,4142
156,4142
157,4142
159,4142
160,4142
161,4142
162,4142
163,4142
164,4142
165,4142
166,4142
167,4142
168,4142
170,4142
171,4142
172,4142
173,4142
174,4142
175,4142
176,4142
176,890
177,4142
178,4142
179,4142
180,169
181,4142
182,4142
183,4142
184,4142
185,4142
186,4142
187,4142
188,4142
189,4142
190,4142
191,169
192,4142
193,4142
194,4142
195,4142
196,4142
197,4142
198,4142
199,4142
200,4142
201,4142
203,4142
204,4142
205,4142
206,4142
207,4142
208,4142
209,4142
210,4142
211,4142
212,4142
214,4142
215,4142
216,4142
217,4142
218,4142
219,4142
220,4142
221,4142
222,4142
223,4142
226,4142
227,4142
228,4142
229,4142
230,4142
231,4142
232,4142
233,4142
234,4142
234,113
235,4142
237,4142
238,4142
239,4142
240,4142
241,4142
242,4142
243,4142
244,4142
245,4142
246,4142
248,4142
249,4142
250,4142
251,4142
252,4142
253,4142
254,4142
255,4142
256,4142
257,4142
259,257
260,257
261,257
262,4142
263,4142
263,1557
265,4142
266,4142
267,4142
268,4142
270,4142
271,4142
272,4142
273,272
274,272
275,272
276,272
277,272
278,272
279,272
281,272
282,272
283,272
284,272
285,272
286,272
287,272
288,272
289,4142
290,4142
291,280
292,4142
293,4142
294,4142
295,4142
296,4142
297,4142
298,4142
299,4142
300,4142
301,4142
302,280
303,4142
304,4142
305,4142
306,4142
307,4142
308,4142
309,4142
310,4142
311,4142
312,4142
313,280
314,4142
315,4142
316,4142
317,4253
318,317
319,317
320,319
321,317
322,317
323,317
325,317
326,317
327,4253
327,113
328,4253
329,4253
330,4253
331,4253
332,4253
333,4253
334,4253
336,1
337,4253
338,4253
339,4253
340,4253
341,4253
342,4253
343,4253
344,4253
345,4253
346,4253
347,1
348,4253
349,4253
350,4253
351,4253
352,4253
353,4253
354,4253
355,4253
356,4253
357,4253
358,1
359,3735
359,235
360,4253
361,4253
362,4253
363,1335
364,4364
365,4364
366,4364
367,4364
368,4364
369,1
370,4364
371,4364
372,4364
373,4364
374,4364
375,4364
376,4364
377,4364
378,4364
379,4364
381,4364
382,4364
383,4364
384,4364
385,4364
386,4364
387,4364
388,4364
389,4364
390,4364
391,1
392,4364
393,4364
394,4364
395,4364
396,4364
397,4364
398,4364
399,4364
400,4364
401,4364
402,1
403,4364
404,4364
405,4364
406,4364
407,4364
408,4364
409,4364
410,4364
411,4364
412,4364
414,4364
415,4364
416,4364
417,4364
418,4364
419,4364
420,4364
421,4364
422,4364
423,4364
424,1
425,4364
426,4364
427,4364
428,4364
429,4364
430,4364
431,4364
432,4364
433,4364
434,4364
435,1
436,4364
437,4364
438,4364
439,4364
440,4364
441,4364
442,4364
443,4364
444,4364
445,4364
447,1
448,4364
449,4364
450,4364
451,4364
452,4364
453,4364
454,4364
455,4364
456,4364
457,4364
458,1
459,4364
460,4364
461,4364
462,4364
463,4364
464,4364
465,4364
466,4364
467,4364
468,4364
469,1
470,4364
471,4364
472,4364
473,4364
474,4364
475,4364
476,4364
477,4364
478,4364
479,4364
480,1
481,4364
482,481
483,481
484,481
485,481
486,481
487,481
488,481
489,481
490,4364
491,1
492,4364
493,4364
494,4364
495,4364
496,4364
497,4364
498,4364
499,4364
500,4364
501,4364
502,1
503,4364
504,4364
505,4364
506,4364
507,4364
508,4364
509,4364
510,4364
511,4364
512,4364
513,1112
514,4364
515,4364
517,4364
518,4364
519,4364
520,4364
521,2
522,521
523,521
523,713
524,1112
525,2
526,2
527,2
528,2
529,2
530,2
531,2
532,2
533,2
534,2
535,1112
536,2
537,2
538,2
539,359
540,359
541,359
542,359
543,359
544,359
545,2
546,1112
546,3920
546,4031
546,524
547,545
548,545
549,545
550,545
551,545
552,545
553,545
554,545
555,545
556,545
558,1112
559,545
560,545
561,545
562,545
563,545
564,545
565,564
566,564
567,564
568,2135
568,564
570,564
571,564
572,2
573,2
574,2
574,573
575,2
576,2
577,2
578,2
579,2
581,2
582,2
583,2
584,2
585,2
585,573
586,573
587,2
588,2
589,2
590,113
591,1112
591,3920
591,668
591,1224
591,1446
592,113
593,113
594,113
595,113
596,113
597,113
598,113
599,113
600,113
601,113
602,1557
603,113
604,113
605,113
606,113
607,113
608,113
609,113
610,113
611,113
612,113
613,602
614,113
615,113
616,113
617,113
618,113
619,113
620,113
621,113
622,113
623,113
624,602
625,113
626,113
627,113
628,113
629,113
630,113
631,113
632,113
633,113
634,113
635,591
636,113
637,113
638,113
639,113
640,113
641,113
642,113
643,113
644,113
645,113
646,1224
646,591
647,113
648,113
649,113
650,113
651,113
652,113
653,113
653,1990
654,113
655,113
656,113
657,0
657,591
658,113
659,113
660,113
661,113
662,113
663,113
664,113
665,113
666,113
667,113
670,113
671,113
672,113
673,113
674,113
675,113
676,113
677,113
678,113
679,113
681,113
682,113
683,113
683,2035
684,113
685,113
686,113
687,224
688,224
688,687
689,224
689,687
690,687
692,690
693,690
694,690
695,694
696,694
697,694
698,224
699,698
700,698
701,698
703,698
704,698
705,224
706,705
707,705
708,224
709,708
710,224
711,710
712,224
714,224
715,335
716,335
717,335
718,335
719,335
720,335
721,335
722,335
723,335
724,657
725,723
726,723
727,723
728,723
729,335
730,335
731,335
732,335
733,335
734,335
736,335
737,335
738,335
739,738
740,335
741,335
742,335
743,335
744,335
745,335
747,335
748,335
749,335
750,335
751,335
752,335
753,335
754,335
755,335
756,335
758,335
759,335
760,335
761,335
762,335
763,335
764,335
765,335
766,335
767,335
769,335
770,335
771,335
772,335
773,335
774,335
775,335
776,335
777,335
778,335
781,335
782,335
783,446
784,446
785,446
786,446
787,446
788,446
789,446
790,446
792,446
793,446
794,446
795,446
796,446
797,446
798,446
799,446
800,446
801,446
803,446
804,446
805,446
806,446
807,446
808,446
809,446
810,446
811,446
812,446
814,446
815,446
816,446
817,446
818,446
819,446
820,446
821,446
822,446
823,446
825,446
826,446
827,446
828,446
829,446
830,446
831,446
832,446
833,446
834,446
836,446
837,446
838,446
839,446
840,446
841,446
842,446
843,446
844,446
845,446
847,446
848,446
849,446
850,446
851,446
852,446
853,446
854,446
855,446
856,446
857,591
858,446
859,446
860,446
861,446
862,446
863,446
864,446
865,446
866,446
867,446
869,446
870,446
871,446
872,446
873,446
874,446
875,446
876,446
877,446
878,446
880,446
881,335
881,446
882,446
883,446
884,557
885,557
886,557
887,557
888,557
889,557
892,557
893,557
894,557
895,557
896,557
897,557
898,557
899,557
900,557
901,557
903,557
904,557
905,557
906,557
907,557
908,557
909,557
910,557
911,557
912,557
914,557
915,557
916,557
917,335
917,557
918,668
919,668
920,919
921,919
922,919
923,919
925,919
926,919
927,919
928,919
929,668
930,929
931,668
932,929
933,929
934,929
936,668
937,668
938,937
939,937
940,937
941,937
942,937
943,668
944,943
945,943
946,657
947,943
948,943
949,943
950,943
951,668
952,668
953,668
953,3857
954,668
955,668
982,668
982,542
983,668
984,982
985,982
986,982
987,982
988,982
989,982
991,982
992,982
993,982
994,982
995,982
996,982
997,982
998,982
999,3863
1000,3863
1003,3863
1004,1258
1005,1258
1006,982
1007,982
1008,668
1009,668
1010,668
1011,1008
1012,1008
1014,668
1015,668
1016,1008
1017,1008
1018,1008
1019,1008
1020,1008
1021,668
1022,668
1023,668
1025,668
1026,1025
1027,1025
1028,1025
1029,1025
1030,1025
1031,1025
1032,1025
1033,668
1034,668
1036,1034
1037,1034
1038,1034
1039,1034
1040,1034
1041,1034
1042,668
1043,668
1044,668
1045,668
1047,668
1048,668
1049,668
1050,668
1051,668
1052,668
1053,668
1054,668
1055,668
1056,668
1058,668
1059,668
1060,668
1061,668
1062,668
1063,668
1064,668
1065,668
1066,668
1067,668
1069,668
1070,668
1071,668
1072,668
1073,668
1074,668
1075,668
1076,668
1077,668
1078,668
1079,3920
1079,4142
1079,591
1080,668
1081,668
1082,668
1083,668
1084,668
1085,668
1086,668
1087,668
1088,668
1089,668
1090,591
1091,668
1092,668
1093,668
1094,668
1095,668
1096,668
1097,668
1098,668
1099,668
1100,1099
1102,1099
1103,668
1104,1103
1105,1103
1106,668
1107,668
1108,668
1109,668
1110,668
1111,668
1114,591
1115,668
1116,668
1117,668
1118,668
1119,668
1120,668
1121,668
1122,668
1123,668
1124,668
1125,591
1126,668
1127,668
1128,668
1129,668
1130,668
1131,668
1132,668
1133,668
1134,668
1135,668
1136,591
1137,668
1138,668
1139,668
1140,668
1141,668
1142,668
1143,668
1144,668
1145,668
1146,668
1147,591
1148,668
1149,668
1150,668
1151,668
1152,668
1153,668
1154,668
1155,668
1156,668
1157,668
1158,591
1159,668
1160,668
1161,668
1162,668
1163,668
1164,668
1165,668
1166,668
1167,668
1168,668
1169,591
1170,668
1171,668
1172,668
1173,668
1174,668
1175,668
1176,668
1177,668
1178,668
1179,668
1180,591
1181,668
1182,668
1183,668
1184,668
1185,668
1186,668
1187,668
1188,668
1189,668
1190,668
1191,591
1192,668
1193,668
1194,668
1195,668
1196,668
1197,668
1198,668
1199,668
1200,668
1201,668
1202,591
1203,668
1204,668
1205,779
1206,779
1207,779
1208,779
1209,779
1210,779
1211,779
1212,779
1213,591
1214,779
1214,1779
1215,779
1216,779
1217,779
1218,779
1219,779
1220,779
1221,779
1222,779
1223,779
1224,1
1224,3920
1225,591
1226,779
1227,779
1228,779
1229,779
1230,779
1231,779
1232,779
1233,779
1234,1233
1235,779
1236,591
1237,1235
1238,779
1239,779
1240,779
1241,779
1242,779
1243,779
1244,779
1245,779
1246,779
1247,591
1248,779
1249,779
1250,779
1251,779
1252,779
1253,779
1254,890
1255,890
1258,668
1258,591
1269,591
1275,1274
1276,1274
1277,1274
1278,1274
1279,1274
1280,591
1281,1274
1282,1274
1283,1274
1284,1274
1285,1274
1286,1274
1287,1274
1288,1274
1289,1274
1290,1274
1291,591
1292,1274
1295,1274
1296,1224
1296,4457
1300,1001
1301,1001
1302,591
1303,1001
1304,1001
1305,1001
1306,1001
1307,1001
1307,1256
1307,1305
1308,1001
1309,1001
1310,1307
1311,1001
1312,1001
1313,591
1314,1001
1315,1001
1316,1001
1317,1001
1318,1001
1319,1001
1320,1001
1321,1001
1322,1001
1323,1001
1324,591
1325,1001
1326,1001
1327,1001
1328,1001
1329,1001
1330,1001
1331,1001
1332,1001
1333,1001
1334,1001
1336,591
1337,1001
1338,1001
1339,1001
1340,1001
1341,1001
1342,1001
1343,1001
1344,1001
1345,1001
1346,1001
1347,591
1348,1001
1349,1001
1350,1001
1351,1001
1352,1001
1353,1001
1354,1001
1355,1001
1356,1001
1357,1001
1358,591
1359,1001
1359,1224
1360,1001
1361,1001
1362,1001
1363,1001
1364,1001
1365,1001
1366,1001
1367,1001
1368,1224
1369,1358
1370,1001
1371,1001
1372,1001
1373,1001
1374,1001
1375,1001
1376,1001
1377,1001
1378,1001
1379,1001
1380,1358
1381,1335
1382,1335
1383,1335
1384,1335
1385,1335
1386,1335
1387,1335
1388,1335
1388,1779
1389,1335
1390,1335
1391,1358
1392,1224
1393,1224
1394,1224
1395,1224
1396,1224
1397,1224
1398,1224
1399,1224
1400,1224
1400,573
1401,1224
1402,1358
1403,1224
1404,1224
1405,1224
1406,1224
1407,1224
1408,1224
1409,1224
1410,1335
1411,1335
1412,1335
1413,1358
1414,1335
1415,1335
1416,1335
1417,1335
1418,1335
1419,1335
1420,1335
1421,1335
1422,1335
1423,1335
1424,591
1425,1335
1426,1335
1427,1335
1428,1335
1429,1335
1430,1335
1431,1335
1432,1335
1433,1335
1434,1224
1434,1335
1435,1358
1436,1335
1437,1335
1438,1335
1439,1335
1440,1335
1441,1335
1442,1335
1443,1335
1444,1335
1445,1335
1447,1358
1448,1335
1449,1448
1450,1448
1451,1335
1452,1335
1453,1335
1454,1335
1455,1335
1456,1335
1457,1335
1458,1358
1459,1335
1460,1335
1461,1335
1462,1335
1463,516
1464,516
1465,1335
1466,1335
1467,1335
1467,369
1467,516
1468,1467
1469,1358
1470,546
1471,1467
1472,1467
1473,1467
1474,1467
1474,1946
1475,890
1475,1467
1476,1467
1477,1467
1480,1358
1481,1446
1482,1446
1483,1446
1484,1446
1485,1446
1485,1484
1486,1446
1488,1557
1488,3
1489,1488
1490,1488
1491,1358
1492,1488
1493,1488
1494,1488
1495,1488
1496,1488
1497,1488
1498,1488
1499,1488
1500,1488
1501,1488
1502,1358
1503,1488
1504,1488
1505,1488
1506,1488
1507,1488
1508,1557
1509,1557
1510,1509
1511,1509
1512,1557
1512,1509
1513,1358
1514,1509
1515,1509
1516,1509
1517,1509
1518,1557
1518,1021
1519,1518
1520,1518
1521,1518
1522,1518
1523,1518
1524,1358
1525,1518
1526,1518
1527,1518
1528,1518
1529,1518
1530,1557
1531,1530
1532,1530
1533,1530
1534,1557
1535,1358
1536,1534
1537,1534
1538,1534
1539,1534
1540,1534
1541,1534
1542,1557
1543,1557
1544,1557
1545,1557
1546,591
1547,1557
1548,1557
1549,1557
1550,1557
1551,1557
1552,1557
1553,1557
1554,1557
1555,1557
1556,1557
1558,591
1559,1557
1560,1557
1561,1557
1562,1557
1563,1557
1564,1557
1565,1564
1566,1564
1567,1564
1568,1564
1569,1558
1570,1564
1571,1564
1572,1564
1573,1557
1574,1557
1575,1557
1576,1557
1577,1557
1578,1557
1579,1557
1580,1558
1581,1557
1582,1557
1583,1557
1584,1557
1585,1557
1586,1557
1587,1557
1588,1557
1589,1557
1590,1557
1591,1558
1592,1557
1593,1557
1594,1557
1595,1557
1596,1557
1597,1557
1598,1557
1599,1557
1600,1557
1601,1557
1602,1558
1603,1557
1604,1557
1605,1557
1606,1557
1607,1557
1608,1557
1609,1557
1610,1557
1611,1557
1612,1557
1613,1558
1614,1557
1615,1557
1616,1557
1617,1557
1618,1557
1618,591
1619,1557
1620,1557
1621,1557
1622,1557
1623,1557
1624,1558
1625,1557
1626,1625
1627,1625
1628,1625
1629,1625
1630,1625
1631,1625
1632,1625
1633,1625
1634,1625
1635,1558
1636,1625
1637,1625
1638,1625
1639,1625
1640,1625
1641,1625
1642,1625
1643,1625
1644,1625
1645,1625
1646,1558
1647,1625
1648,1625
1649,1625
1650,1625
1651,1625
1652,1625
1653,1625
1654,1625
1655,1625
1656,1625
1657,591
1658,1625
1659,1625
1660,1625
1661,1625
1662,1625
1663,1625
1664,1625
1665,1625
1666,1625
1667,1625
1669,3920
1669,524
1669,591
1669,402
1670,1625
1671,1625
1672,1625
1673,1625
1674,1625
1675,1625
1676,1625
1677,1625
1678,1625
1679,1625
1680,1669
1681,1625
1682,1625
1683,1625
1684,1625
1685,1625
1686,1625
1687,1625
1688,1625
1689,1625
1690,1625
1691,1669
1692,1625
1693,1625
1694,1625
1695,1625
1696,1625
1697,1625
1698,1625
1699,1625
1700,1625
1701,1625
1702,1669
1703,1625
1704,1625
1705,1625
1706,1625
1707,1625
1708,1625
1709,1625
1710,1625
1711,1625
1712,1625
1713,1669
1714,1625
1715,1625
1716,1625
1717,1625
1718,1625
1719,1625
1720,1625
1721,1625
1722,1625
1723,1625
1724,591
1725,1625
1726,1625
1727,1625
1728,1625
1729,1625
1730,1625
1731,1625
1732,1625
1733,1625
1734,1625
1735,591
1736,1625
1737,1625
1738,1625
1739,1625
1740,1625
1741,1625
1742,1625
1743,1625
1744,1625
1745,1625
1746,591
1747,1625
1748,1625
1749,1625
1750,1625
1751,1625
1752,1625
1753,1625
1754,1625
1755,1625
1756,1625
1758,1625
1759,1625
1760,1625
1761,1625
1762,1625
1763,1625
1764,1625
1765,1625
1766,1625
1767,1625
1768,591
1769,1625
1770,1625
1771,1625
1772,1625
1773,1625
1774,1625
1775,1625
1776,1625
1777,1625
1778,1625
1781,1625
1782,1625
1783,1625
1784,1625
1785,1625
1786,1625
1787,1625
1788,1625
1789,1557
1790,1557
1791,591
1792,1557
1793,1557
1794,1557
1795,1557
1796,3334
1796,1668
1797,1668
1798,1668
1799,1779
1800,1779
1801,1779
1802,1112
1802,668
1802,524
1802,591
1803,1779
1804,1779
1805,1779
1806,1779
1807,1779
1808,1779
1809,1779
1810,1779
1811,1779
1812,1779
1814,1779
1815,1779
1816,1779
1817,1779
1818,1779
1819,1779
1820,1779
1821,1779
1822,1779
1823,1779
1824,591
1825,1779
1826,1779
1827,1779
1828,1779
1829,1779
1830,1890
1831,1890
1832,1890
1833,1890
1834,1890
1835,591
1836,1890
1837,1890
1838,1890
1839,1890
1840,1890
1841,1890
1842,1890
1843,1890
1844,1890
1845,1890
1846,1446
1847,591
1847,1
1847,1224
1847,380
1847,2113
1847,3257
1847,3268
1849,0
1850,1849
1851,1849
1852,1849
1853,1849
1854,1849
1855,1849
1856,1849
1858,1849
1859,1849
1860,0
1860,4398
1860,1848
1861,1860
1862,1860
1863,3976
1864,0
1865,0
1866,0
1867,0
1868,1446
1869,4242
1870,0
1871,4420
1871,4431
1871,4442
1871,4453
1871,4464
1871,3
1871,14
1871,25
1871,36
1871,47
1871,58
1871,69
1871,80
1871,91
1871,102
1871,114
1871,125
1871,136
1871,147
1871,158
1871,169
1871,202
1871,213
1871,225
1871,236
1871,247
1871,258
1871,269
1871,280
1871,291
1871,324
1872,1871
1873,1871
1874,1871
1875,1871
1876,1112
1877,1112
1878,1112
1880,1112
1881,1112
1882,1112
1883,1112
1884,1112
1885,1112
1886,1112
1887,1112
1888,1112
1889,1112
1891,1446
1892,602
1893,602
1894,1557
1895,591
1896,591
1896,4361
1896,1482
1897,602
1898,602
1899,602
1900,602
1901,602
1903,591
1903,1757
1903,1780
1903,1802
1903,1813
1904,591
1904,1890
1904,1878
1905,591
1906,591
1907,1446
1907,1479
1907,1486
1908,1446
1908,1857
1908,1879
1908,1891
1908,1902
1908,1478
1909,1446
1909,1913
1909,1484
1909,1485
1909,1487
1910,1907
1911,1910
1912,1910
1914,1910
1915,1486
1916,1486
1917,1486
1918,1908
1919,1918
1920,1918
1921,1446
1921,1909
1922,1909
1923,1446
1924,1112
1924,113
1925,1446
1926,1446
1927,1446
1928,1446
1929,1446
1930,1446
1931,1446
1932,1446
1933,1446
1934,1446
1935,591
1936,1446
1937,1446
1944,657
1944,669
1944,680
1944,691
1944,702
1944,713
1944,735
1944,746
1944,757
1944,768
1944,780
1944,791
1945,657
1945,802
1945,813
1945,824
1945,835
1945,846
1945,857
1945,868
1945,879
1945,891
1945,902
1945,913
1945,924
1945,935
1945,1938
1945,1939
1945,1940
1945,1941
1945,1942
1945,1943
1946,1112
1947,1945
1948,591
1948,957
1948,968
1948,979
1948,990
1948,1002
1948,1013
1948,1024
1948,1035
1948,1046
1948,1057
1948,1068
1949,1224
1950,1949
1951,1949
1952,1949
1953,1949
1954,1224
1955,1224
1956,1224
1957,1112
1957,1779
1958,1224
1959,1224
1960,1224
1961,1224
1962,1224
1963,1224
1964,1224
1965,1224
1966,1224
1967,1224
1968,1112
1969,1224
1970,1224
1971,1224
1972,1224
1973,1224
1974,1224
1975,1224
1976,1224
1979,1112
1988,1224
1988,1557
1988,1977
1989,1224
1989,1978
1990,1112
1991,1224
1991,1980
1992,1224
1992,1981
1993,1224
1993,1982
1994,1224
1995,1224
1995,1983
1996,1224
1996,1984
1997,1224
1997,1985
1998,1224
1998,1986
1999,1224
1999,1987
2000,1224
2001,0
2002,1112
2003,1224
2004,1224
2005,1224
2006,1224
2007,1224
2008,1224
2009,1224
2010,1224
2011,1224
2012,1224
2013,1112
2014,1224
2015,1224
2016,1224
2017,1224
2018,1224
2019,1224
2020,1224
2021,1224
2022,1224
2023,2022
2024,1112
2025,2022
2026,2022
2027,2022
2028,2022
2029,2022
2030,2022
2031,2022
2032,2022
2033,2022
2034,2033
2035,113
2035,591
2036,2033
2037,2033
2038,2022
2039,2022
2040,2039
2041,2039
2042,1224
2043,2042
2044,2042
2045,2042
2046,1112
2047,1224
2048,2047
2049,1224
2050,1224
2051,1224
2052,1224
2053,1224
2054,1224
2055,1224
2056,2055
2057,1112
2058,2055
2059,2055
2060,1224
2061,1224
2062,1224
2063,1224
2064,2063
2065,2063
2066,2063
2067,2063
2068,1112
2069,1224
2070,1224
2071,1224
2072,1224
2073,1224
2074,1224
2075,1224
2076,1224
2077,1224
2078,1224
2079,1112
2080,1224
2081,1224
2082,2081
2083,2081
2084,2081
2085,2081
2086,2081
2087,2081
2088,2081
2089,2081
2090,1112
2091,2081
2092,2081
2093,2081
2094,2081
2095,2081
2096,2081
2097,2081
2098,2081
2099,2081
2100,2081
2101,1112
2102,2081
2103,2081
2104,2081
2105,2081
2106,2081
2107,2081
2108,2081
2109,2081
2110,2081
2111,2081
2112,0
2113,1112
2114,2081
2115,2081
2116,2081
2117,2081
2118,2081
2119,2081
2120,2081
2121,2081
2122,2081
2123,2081
2124,1112
2125,2081
2126,2081
2127,2081
2128,2081
2129,2081
2130,2081
2131,2081
2132,2081
2133,2081
2134,2081
2135,591
2136,2081
2137,2081
2138,1224
2139,1224
2140,1224
2141,1224
2142,1224
2143,2142
2144,2142
2145,2142
2146,1112
2147,2142
2148,2142
2149,2142
2150,2142
2151,2142
2152,2142
2153,2142
2154,2142
2155,2142
2156,2142
2157,1112
2158,2142
2159,2142
2160,2142
2161,2142
2162,2142
2163,2142
2164,2142
2165,2142
2166,2142
2167,2142
2168,591
2169,2223
2170,1446
2170,1008
2170,1256
2170,1257
2170,1259
2170,1260
2170,1261
2170,1262
2170,1263
2170,1264
2170,1265
2170,1266
2170,1267
2170,1268
2170,1270
2170,1271
2170,1272
2170,1273
2170,1274
2170,1293
2170,1294
2170,1297
2170,1298
2170,1299
2171,3878
2171,3879
2171,3880
2171,3881
2171,3882
2171,3883
2171,3884
2171,3885
2171,3886
2171,3888
2171,3889
2171,3890
2171,3891
2171,3892
2171,3893
2171,3894
2171,3895
2171,3896
2171,3897
2171,3899
2171,3900
2171,3901
2171,3902
2171,3903
2171,3904
2171,3905
2171,3906
2171,3907
2171,3908
2171,3910
2171,3911
2171,3912
2171,3913
2171,3914
2171,3915
2171,3916
2171,3917
2171,3918
2171,3919
2171,3922
2171,3923
2171,3924
2171,3925
2171,3926
2171,3927
2171,3928
2171,3929
2171,3930
2171,3931
2171,3933
2171,3934
2171,3935
2171,3936
2171,3937
2171,3938
2171,3939
2171,3940
2171,3941
2171,3942
2171,3944
2171,3945
2171,3946
2171,3947
2171,3948
2171,3949
2171,3950
2171,3951
2171,3952
2171,3953
2171,3955
2171,3956
2171,3957
2171,3958
2171,3959
2171,3960
2171,3961
2171,3962
2171,3963
2171,3964
2171,3966
2171,3967
2171,3968
2171,3969
2171,3970
2171,3971
2171,3972
2171,3973
2171,3974
2171,3975
2171,3977
2171,3978
2171,3979
2171,3980
2171,3981
2171,3982
2171,3983
2171,3984
2171,3985
2171,3986
2171,3988
2171,3989
2171,3990
2171,3991
2171,3992
2171,3993
2171,3994
2171,3995
2171,3996
2171,3997
2171,3999
2171,4000
2171,4001
2171,4002
2171,4003
2171,4004
2171,4005
2171,4006
2171,4007
2171,4008
2171,4010
2171,4011
2171,4012
2171,4013
2171,4014
2171,4015
2171,4016
2171,4017
2171,4018
2171,4019
2171,4021
2171,4022
2171,4023
2171,4024
2171,4025
2171,4026
2171,4027
2171,4028
2171,4029
2171,4030
2171,4033
2171,4034
2171,4035
2171,4036
2171,4037
2171,4038
2171,4039
2171,4040
2171,4041
2171,4042
2171,4044
2171,4045
2171,4046
2171,4047
2171,4048
2171,4049
2171,4050
2171,4051
2171,4052
2171,4053
2171,4055
2171,4056
2171,4057
2171,4058
2171,4059
2171,4060
2171,4061
2171,4062
2171,4063
2171,4064
2171,4066
2171,4067
2171,4068
2171,4069
2171,4070
2171,4071
2171,4072
2171,4073
2171,4074
2171,4075
2171,4077
2171,4078
2171,4079
2171,4080
2171,4081
2171,4082
2171,4083
2171,4084
2171,4085
2171,4086
2171,4088
2171,4089
2171,4090
2171,4091
2171,4092
2171,4093
2171,4094
2171,4095
2171,4096
2171,4097
2171,4099
2171,4100
2171,4101
2171,4102
2171,4103
2171,4104
2171,4105
2171,4106
2171,4107
2171,4108
2171,4110
2171,4111
2171,4112
2171,4113
2171,4114
2171,4115
2171,4116
2171,4117
2171,4118
2171,4119
2171,4121
2171,4122
2171,4123
2171,4124
2171,4125
2171,4126
2171,4127
2171,4128
2171,4129
2171,4130
2171,4132
2171,4133
2171,4134
2171,4135
2171,4136
2171,4137
2171,4138
2171,4139
2171,4140
2171,4141
2171,4144
2171,4145
2171,4146
2171,4147
2171,4148
2171,4149
2171,4150
2171,4151
2171,4152
2171,4153
2171,4155
2171,4156
2171,4157
2171,4158
2171,4159
2171,4160
2171,4161
2171,4162
2171,4163
2171,4164
2171,4166
2171,4167
2171,4168
2171,4169
2171,4170
2171,4171
2171,4172
2171,4173
2171,4174
2171,4175
2171,4177
2171,4178
2171,4179
2171,4180
2171,4181
2171,4182
2171,4183
2171,4184
2171,4185
2171,4186
2171,4188
2171,4189
2171,4190
2171,4191
2171,4192
2171,4193
2171,4194
2171,4195
2171,4196
2171,4197
2171,4199
2171,4200
2171,4201
2171,4202
2171,4203
2171,4204
2171,4205
2171,4206
2171,4207
2171,4208
2171,4210
2171,4211
2171,4212
2171,4213
2171,4214
2171,4215
2171,4216
2171,4217
2171,4218
2171,4219
2171,4221
2171,4222
2171,4223
2171,4224
2171,4225
2171,4226
2171,4227
2171,4228
2171,4229
2171,4230
2171,4232
2171,4233
2171,4234
2171,4235
2171,4236
2171,4237
2171,4238
2171,4239
2171,4240
2171,4241
2171,4243
2171,4244
2171,4245
2171,4246
2171,4247
2171,4248
2171,4249
2171,4250
2171,4251
2171,4252
2171,4255
2171,4256
2171,4257
2171,4258
2171,4259
2171,4260
2171,4261
2171,4262
2171,4263
2171,4264
2171,4266
2171,4267
2171,4268
2171,4269
2171,4270
2171,4271
2171,4272
2171,4273
2171,4274
2171,4275
2171,4277
2171,4278
2171,4279
2171,4280
2171,4281
2171,4282
2171,4283
2171,4284
2171,4285
2171,4286
2171,4288
2171,4289
2171,4290
2171,4291
2171,4292
2171,4293
2171,4294
2171,4295
2171,4296
2171,4297
2171,4299
2171,4300
2171,4301
2171,4302
2171,4303
2171,4304
2171,4305
2171,4306
2171,4307
2171,4308
2171,4310
2171,4311
2171,4312
2171,4313
2171,4314
2171,4315
2171,4316
2171,4317
2171,4318
2171,4319
2171,4321
2171,4322
2171,4323
2171,4324
2171,4325
2171,4326
2171,4327
2171,4328
2171,4329
2171,4330
2171,4332
2171,4333
2171,4334
2171,4335
2171,4336
2171,4337
2171,4338
2171,4339
2171,4340
2171,4341
2171,4343
2171,4344
2171,4345
2171,4346
2171,4347
2171,4348
2171,4349
2171,4350
2171,4351
2171,4352
2171,4354
2171,4355
2171,4356
2171,4357
2171,4358
2171,4359
2171,4360
2171,4361
2171,4362
2171,4363
2171,4366
2171,4367
2171,4368
2171,4369
2171,4370
2171,4371
2171,4372
2171,4373
2171,4374
2171,4375
2171,4377
2171,4378
2171,4379
2171,4380
2171,4381
2171,4382
2171,4383
2171,4384
2171,4385
2171,4386
2171,4388
2171,4389
2171,4390
2171,4391
2171,4392
2171,4393
2171,4394
2171,4395
2171,4396
2171,4397
2171,4399
2171,4400
2171,4401
2171,4402
2171,4403
2171,4404
2171,4405
2171,4406
2171,4407
2171,4408
2171,4410
2171,4411
2171,4412
2171,4413
2171,4414
2171,4415
2171,4416
2171,4417
2171,4418
2171,4419
2171,4421
2171,4422
2171,4423
2171,4424
2171,4425
2171,4426
2171,4427
2171,4428
2171,4429
2171,4430
2171,4432
2171,4433
2171,4434
2171,4435
2171,4436
2171,4437
2171,4438
2171,4439
2171,4440
2171,4441
2171,4443
2171,4444
2171,4445
2171,4446
2171,4447
2171,4448
2171,4449
2171,4450
2171,4451
2171,4452
2171,4454
2171,4455
2171,4456
2171,4457
2171,4458
2171,4459
2171,4460
2171,4461
2171,4462
2171,4463
2171,4465
2171,4466
2171,4467
2171,4468
2171,4469
2171,4470
2171,4471
2171,4472
2171,4473
2171,4474
2171,4
2171,5
2171,6
2171,7
2171,8
2171,9
2171,10
2171,11
2172,1112
2172,4031
2172,1113
2172,2225
2172,20
2172,28
2172,29
2172,30
2172,31
2172,32
2172,33
2172,34
2172,35
2172,37
2172,38
2172,39
2172,40
2172,41
2172,42
2172,44
2173,234
2174,234
2175,1896
2176,1896
2177,1896
2178,1896
2179,591
2180,1896
2181,1896
2182,1896
2183,1896
2184,1896
2185,1896
2186,1896
2187,1896
2188,1896
2189,1896
2190,591
2191,1896
2192,1896
2193,1896
2194,1896
2195,1896
2196,1896
2197,1896
2198,1896
2199,1896
2200,1896
2201,591
2202,1896
2203,1896
2204,1896
2205,1896
2206,1896
2207,1896
2208,1896
2209,1896
2210,1896
2211,1896
2212,524
2213,1896
2214,1896
2215,3768
2216,359
2218,113
2219,335
2219,1467
2221,2220
2222,2220
2224,0
2225,591
2225,1101
2226,2220
2227,2220
2228,2220
2229,2220
2230,2220
2231,2220
2232,2220
2233,2220
2234,2220
2235,2220
2236,591
2237,2235
2238,2235
2239,2220
2240,2220
2241,2220
2242,2220
2243,2220
2244,2220
2245,2220
2246,2220
2247,591
2248,2220
2249,2220
2250,2220
2251,2220
2252,2220
2253,2220
2254,2220
2255,2220
2256,2220
2257,2220
2258,2223
2259,2220
2260,2220
2261,2220
2262,2220
2263,2220
2264,2220
2265,2220
2266,2220
2267,2220
2268,4031
2268,2220
2269,2258
2270,2220
2271,2270
2272,2270
2273,2270
2274,524
2274,569
2274,580
2275,2274
2276,2274
2277,2274
2278,2274
2279,2274
2280,2258
2281,2274
2282,2274
2283,2274
2284,2274
2285,2274
2286,2274
2287,2274
2288,2274
2289,2274
2290,2274
2291,2258
2292,2274
2293,2274
2294,2274
2295,2274
2296,2274
2297,2274
2298,2274
2299,2274
2300,2274
2301,2274
2302,2258
2303,2274
2304,2274
2305,2274
2306,2274
2307,2274
2308,2274
2309,2274
2310,2274
2311,2274
2312,2274
2313,2258
2314,2274
2315,2274
2316,2274
2317,2274
2318,2274
2319,2274
2320,2274
2321,2274
2322,2274
2323,2274
2324,2258
2325,2274
2326,2274
2327,2274
2328,2274
2329,2274
2330,2274
2331,2274
2332,2274
2333,2274
2334,2274
2335,0
2336,2258
2337,2274
2338,2274
2339,2274
2340,2274
2341,2274
2342,2274
2343,668
2343,956
2343,958
2343,959
2343,960
2343,961
2343,962
2343,963
2343,964
2343,965
2343,966
2343,967
2343,969
2343,970
2343,971
2343,972
2343,973
2343,974
2343,975
2343,976
2343,977
2343,978
2343,980
2343,981
2344,983
2346,1623
2347,2258
2348,2346
2349,2345
2350,2349
2351,2349
2352,2349
2353,2349
2354,2349
2355,2349
2356,2349
2357,2349
2358,2258
2359,2349
2360,2349
2361,2349
2362,2349
2363,2349
2364,2349
2365,2349
2366,2349
2367,2349
2368,2349
2369,2223
2370,2349
2371,2349
2372,2349
2373,2349
2374,2349
2375,2349
2376,2349
2377,2349
2378,2349
2379,2349
2380,2369
2381,2349
2382,2349
2383,2349
2384,2349
2385,2349
2386,2349
2387,2349
2388,2349
2389,2349
2390,2349
2391,2369
2392,2349
2393,2349
2394,2349
2395,2349
2396,2349
2397,2349
2398,2349
2399,2349
2400,2349
2401,2349
2402,2369
2403,2349
2404,2349
2405,2349
2406,2349
2407,2349
2408,2349
2409,2349
2410,2349
2411,2349
2412,2349
2413,2223
2414,2349
2415,2349
2416,2349
2417,2349
2418,2349
2419,2349
2420,2349
2421,2349
2422,2349
2423,2349
2424,2413
2425,2349
2426,2349
2427,2349
2428,2349
2429,2349
2430,2349
2431,2349
2432,2349
2433,2432
2434,2432
2435,2413
2436,2432
2437,2432
2438,2432
2439,2432
2440,2432
2441,2345
2442,2345
2443,2345
2444,2345
2445,2345
2446,0
2447,2413
2448,2345
2449,2345
2450,2345
2451,2345
2452,2345
2453,2345
2454,2345
2455,2345
2456,2345
2457,2345
2458,2413
2459,2345
2460,2345
2461,2345
2462,2345
2463,2345
2464,2345
2465,2345
2466,2345
2467,2345
2468,2467
2469,2413
2470,2467
2471,2467
2472,2467
2473,2467
2474,2467
2475,2467
2476,2467
2477,2467
2478,2467
2479,2467
2480,2413
2481,2467
2482,2467
2483,2467
2484,2467
2485,2467
2486,2467
2487,2467
2488,2467
2489,2467
2490,2467
2491,2413
2492,2467
2493,2467
2494,2467
2495,2467
2496,2467
2497,2467
2498,2467
2499,2467
2500,2467
2501,2467
2502,2413
2503,2467
2504,2467
2505,2467
2506,2467
2507,2467
2508,2467
2509,2467
2510,2467
2511,2345
2512,2511
2513,2413
2514,2511
2515,1475
2515,2345
2516,2515
2517,2515
2518,2515
2519,2515
2520,2515
2521,2515
2522,2515
2523,2345
2524,2413
2525,2523
2526,2523
2527,2345
2528,2527
2529,2527
2530,2345
2531,2135
2532,2135
2533,2135
2534,2135
2535,2413
2536,2135
2537,2135
2538,2135
2539,2135
2540,2135
2541,2540
2542,2540
2543,2540
2544,2540
2545,2540
2546,2413
2547,2540
2548,2540
2549,2540
2550,2540
2551,2540
2552,2135
2553,2135
2554,2135
2555,2135
2556,2135
2557,0
2558,2413
2559,2135
2560,2135
2561,2135
2562,2135
2563,2135
2564,2135
2565,2135
2566,2135
2567,2135
2568,2135
2569,2413
2570,2135
2571,2135
2572,2135
2573,2135
2574,2135
2575,2135
2576,2135
2577,2135
2578,2135
2579,2135
2580,2413
2581,2135
2582,2135
2583,2135
2584,2135
2585,2135
2586,2135
2587,2135
2588,2135
2589,2135
2590,2135
2591,2223
2592,2135
2593,2135
2594,2135
2595,2135
2596,2135
2597,2135
2598,2135
2599,2135
2600,2135
2601,2135
2602,2223
2603,2135
2604,2135
2605,2135
2606,2135
2607,2135
2608,2135
2609,2135
2610,2135
2611,2135
2612,2135
2613,2223
2614,2135
2615,2135
2616,2135
2617,2135
2618,2135
2619,2135
2620,2135
2621,2135
2622,2135
2623,2135
2624,2223
2625,2135
2626,2135
2627,2135
2628,2135
2629,2135
2630,2135
2631,2135
2632,2135
2633,2135
2634,2135
2635,2223
2636,2135
2637,2135
2638,2135
2639,2135
2640,2135
2641,2135
2642,2135
2643,2135
2644,2135
2645,2135
2646,2223
2647,2135
2648,2135
2649,2135
2650,2135
2651,2135
2652,2135
2653,2135
2654,2135
2655,2135
2656,2135
2657,2223
2658,2135
2659,2135
2660,2135
2661,2135
2662,2135
2663,2135
2664,2135
2665,2013
2665,2135
2666,2135
2667,2135
2668,0
2669,2223
2670,2135
2671,2135
2672,2135
2673,2135
2674,2135
2675,2135
2676,890
2677,890
2678,890
2679,890
2680,2223
2681,890
2682,890
2683,890
2684,890
2685,890
2686,2685
2687,2685
2688,890
2689,890
2690,890
2691,2223
2692,890
2693,890
2694,890
2695,890
2696,890
2697,890
2698,890
2699,890
2700,890
2701,890
2702,2223
2703,890
2704,890
2705,890
2706,890
2707,890
2708,890
2709,890
2710,890
2711,890
2712,2711
2713,2223
2714,2711
2715,2711
2716,2711
2717,2711
2718,2711
2719,890
2720,890
2721,890
2722,890
2723,890
2724,2223
2725,1001
2726,1001
2727,1557
2728,1542
2729,1621
2730,1789
2731,2170
2732,2170
2733,2732
2734,2732
2735,2223
2736,2732
2737,2732
2738,2732
2739,2732
2740,2732
2741,2732
2742,2732
2743,2732
2744,2732
2745,2732
2746,2223
2747,2732
2748,2732
2749,2732
2750,2732
2751,2732
2752,2170
2753,2752
2754,2753
2755,2753
2756,2752
2757,2223
2758,2756
2759,2756
2760,2756
2761,2756
2762,2752
2763,2762
2764,2762
2765,2762
2766,2762
2767,2762
2768,2223
2769,2762
2770,2762
2771,2762
2772,2762
2773,2762
2774,2762
2775,2752
2776,2775
2777,2775
2778,2775
2779,0
2780,2223
2781,2775
2782,2775
2783,2775
2784,2775
2785,2775
2786,2170
2787,2786
2787,2763
2787,2770
2787,2772
2788,2787
2789,2787
2790,2787
2791,2223
2792,2787
2793,2787
2794,2787
2795,2786
2796,2795
2797,2786
2797,2738
2798,2797
2799,2797
2800,2797
2801,2170
2802,2223
2803,2170
2804,2170
2805,1845
2805,2170
2806,2170
2807,2170
2808,2170
2809,1274
2810,2170
2811,2170
2812,2170
2813,2223
2813,4142
2814,1668
2814,2013
2814,264
2814,1485
2815,1668
2816,1668
2817,1668
2818,1668
2819,1668
2820,1668
2820,585
2821,1668
2822,1668
2823,1668
2824,2223
2824,668
2825,1668
2826,1668
2827,1668
2827,2135
2828,1668
2829,1668
2829,391
2829,2821
2830,1668
2831,1668
2832,1668
2833,1668
2834,1668
2835,2223
2836,1668
2837,1668
2838,1668
2839,1668
2840,1668
2841,1
2841,1668
2842,1668
2843,1668
2844,1668
2844,2829
2845,1668
2846,2223
2847,2820
2848,1557
2849,2171
2850,2016
2850,2152
2851,1557
2851,1485
2851,1623
2852,1484
2853,1557
2854,568
2854,2116
2857,2223
2859,1112
2859,1884
2860,1112
2860,1884
2861,3920
2861,1878
2862,1112
2863,668
2863,591
2865,591
2865,1558
2865,1746
2865,2168
2865,2225
2865,1999
2866,524
2867,1112
2867,524
2867,591
2868,2223
2870,3334
2871,3920
2873,2872
2875,2874
2876,1802
2878,2877
2879,2223
2880,2877
2881,2877
2882,1957
2883,2171
2884,2882
2885,2882
2886,2343
2888,2887
2889,1886
2890,0
2891,2223
2892,1112
2892,591
2895,2835
2896,2814
2898,2894
2899,2894
2901,2900
2902,2223
2905,591
2905,2903
2905,2904
2906,2893
2907,2874
2909,224
2909,653
2911,591
2911,2870
2911,2910
2911,2247
2911,2896
2913,2223
2914,2855
2914,2856
2915,2135
2916,1886
2916,2889
2917,1886
2920,1
2920,2851
2922,2918
2922,2921
2923,1
2924,2223
2925,2130
2926,2925
2927,2925
2928,2829
2929,2911
2929,1877
2930,2929
2932,2931
2933,2932
2934,2820
2935,2223
2936,1468
2937,2916
2937,2932
2938,1557
2938,1628
2938,1664
2938,1790
2939,1904
2940,2829
2940,2928
2941,2940
2942,2940
2943,2894
2944,2943
2945,2922
2946,2223
2948,2947
2950,2949
2951,591
2953,2952
2954,524
2954,591
2954,1957
2954,1979
2955,591
2956,2893
2956,2906
2957,2223
2958,1906
2959,1484
2960,1446
2961,1484
2962,1112
2962,1224
2963,2865
2964,2814
2964,2864
2966,2938
2967,2938
2968,2223
2969,2884
2969,2921
2969,2922
2970,2729
2971,2969
2974,2940
2974,2973
2976,2814
2976,2869
2978,1224
2979,2223
2981,2980
2981,2952
2981,2974
2982,2906
2983,3920
2983,2172
2985,2984
2985,2981
2986,1475
2986,2949
2988,3334
2989,2877
2990,2223
2991,2877
2991,1886
2993,1904
2993,2992
2993,2906
2993,2939
2994,2952
2995,2171
2996,2820
2997,2883
2998,3920
2999,2987
3000,591
3001,0
3002,2223
3003,2969
3004,2911
3005,3004
3006,2079
3007,2906
3008,2922
3009,2896
3009,2932
3010,2894
3011,2969
3012,1621
3013,2223
3014,2887
3016,2947
3016,3015
3017,2986
3018,2854
3018,2903
3019,2235
3020,2814
3021,3020
3022,2893
3023,558
3024,2223
3025,2247
3025,2911
3026,2896
3026,2897
3026,2907
3027,2894
3028,2872
3028,2900
3030,2986
3031,2907
3032,2171
3033,2910
3034,546
3034,1468
3034,2912
3035,2223
3036,2938
3037,2914
3037,2936
3038,2952
3039,3038
3040,2820
3041,2887
3041,3040
3042,3027
3042,32
3043,2814
3044,2975
3044,2986
3044,2919
3045,3735
3046,3035
3047,2814
3048,4198
3049,3048
3050,3031
3051,2929
3052,983
3052,2911
3052,2954
3053,2931
3054,2934
3054,2977
3055,547
3056,1557
3057,3035
3058,2906
3059,2986
3060,2986
3061,2922
3063,3062
3064,2024
3065,2743
3066,591
3066,1906
3067,2904
3068,3035
3071,573
3071,3069
3071,3070
3072,1484
3072,1485
3073,2865
3073,2963
3074,2958
3076,2964
3077,1557
3078,591
3078,2951
3079,3035
3080,2730
3082,2911
3082,3081
3083,1845
3083,2170
3084,2991
3085,2814
3086,2969
3087,2972
3088,2814
3088,2972
3089,2972
3090,3035
3091,2972
3092,2972
3093,2972
3094,2972
3095,2972
3095,3016
3096,2972
3097,2972
3098,2820
3099,3098
3100,2888
3100,3014
3100,3041
3101,3035
3102,3100
3103,43
3104,3048
3105,2907
3106,413
3106,2113
3107,2814
3108,1845
3110,3109
3111,2932
3112,3001
3113,3035
3114,3920
3115,3056
3116,3052
3117,1845
3118,3109
3119,2907
3119,2877
3120,2814
3121,1921
3123,3122
3124,3035
3125,2676
3126,3103
3127,1957
3128,3122
3129,2986
3129,3063
3130,3129
3131,2872
3131,2975
3131,2986
3131,3447
3132,2872
3133,2964
3134,3133
3135,3035
3137,3136
3138,3094
3139,573
3139,2820
3140,11
3141,2079
3141,2217
3141,3071
3142,2981
3143,2910
3144,3143
3145,3133
3146,3035
3147,3133
3148,2999
3149,3148
3150,2989
3151,1468
3152,1197
3153,2989
3155,3154
3155,711
3157,3035
3158,2841
3158,3156
3159,2116
3160,3023
3161,3160
3163,3162
3164,1193
3165,2225
3166,3160
3167,3166
3168,3035
3169,2877
3170,3076
3171,3170
3172,3119
3173,3172
3174,2858
3174,3119
3175,3172
3176,3172
3177,2814
3177,3172
3178,3172
3179,3035
3180,2816
3181,2816
3182,668
3182,2986
3183,3182
3184,1197
3185,2664
3186,2907
3187,3014
3188,3014
3188,3187
3189,3095
3190,3035
3191,3095
3192,3016
3193,3192
3194,1
3195,3006
3195,3194
3196,1
3197,1
3198,1
3199,3192
3200,589
3201,2223
3202,3200
3203,3200
3204,3192
3205,3192
3206,3200
3207,3106
3208,3106
3209,3192
3210,3042
3211,2931
3212,2223
3213,3007
3214,568
3215,2886
3216,1
3216,3128
3217,3173
3218,3076
3219,3076
3220,2907
3221,2887
3222,3221
3223,0
3224,2223
3225,2986
3226,2068
3227,2068
3228,3019
3229,3019
3230,2975
3231,3143
3232,3231
3233,2814
3234,3211
3235,2223
3236,2999
3237,2814
3238,3237
3240,2999
3240,3239
3241,3034
3242,3094
3243,2675
3244,1989
3245,2999
3245,3160
3246,2223
3247,3160
3248,2922
3249,3248
3250,3248
3251,2894
3252,3148
3253,3248
3254,3248
3255,2068
3256,2920
3257,2223
3258,3248
3259,3248
3260,3248
3261,3214
3262,3248
3263,3048
3264,2854
3264,2914
3265,2223
3265,1001
3265,1224
3266,2223
3267,2223
3268,2223
3269,2954
3270,3424
3270,1274
3271,2984
3272,3133
3273,3272
3274,3272
3275,3272
3276,2346
3277,1112
3277,2864
3278,2915
3279,2223
3280,2940
3281,2986
3282,2987
3283,2874
3284,2907
3285,3176
3286,2665
3287,3286
3288,1
3289,2954
3290,2223
3291,2652
3292,3028
3293,2954
3294,524
3295,3094
3296,2981
3297,224
3298,3297
3300,3299
3301,2223
3302,3015
3303,571
3304,2923
3305,2923
3306,546
3306,42
3306,2983
3307,4031
3307,2808
3308,1845
3310,3309
3311,2962
3312,2223
3313,3027
3314,2823
3315,2823
3316,2659
3317,2659
3318,2659
3319,2851
3320,2851
3321,2851
3323,2223
3324,3322
3324,3034
3325,2884
3326,2907
3327,1468
3328,3052
3329,3217
3330,3329
3331,3067
3332,1474
3333,2981
3334,1112
3335,0
3336,2223
3337,2981
3338,2981
3339,2981
3340,2981
3341,2981
3342,2981
3343,2981
3344,2981
3345,2981
3346,2116
3346,2969
3346,2981
3347,2223
3348,2981
3349,2981
3350,2981
3351,2981
3352,2981
3353,2981
3354,2981
3355,2981
3356,2981
3357,2821
3358,2223
3359,2820
3360,2820
3361,2820
3362,2820
3363,2820
3364,2820
3365,2820
3366,2820
3367,2820
3368,2820
3369,2223
3370,2820
3371,2820
3372,3371
3373,2820
3374,3177
3375,668
3375,1220
3375,2844
3376,3375
3378,3920
3380,2223
3381,2994
3381,3379
3382,2975
3383,2986
3384,1896
3385,2116
3385,2914
3385,2013
3386,2887
3387,2887
3388,3299
3389,2814
3389,3299
3390,1305
3391,2223
3392,3141
3393,3244
3394,1910
3395,1990
3397,2964
3397,3396
3398,657
3399,3063
3400,3063
3401,3063
3402,2223
3403,2986
3404,2986
3405,2986
3406,2986
3407,2986
3408,2986
3409,2986
3410,2986
3411,3133
3412,3109
3413,2223
3414,1305
3415,435
3416,435
3417,435
3419,2814
3419,3418
3420,3419
3421,3158
3422,3158
3423,2899
3424,2223
3425,3423
3426,3217
3427,3217
3428,3217
3429,3023
3430,2929
3431,2
3432,2
3433,2814
3434,3075
3435,3424
3436,3075
3437,2940
3437,3075
3438,3075
3439,3075
3440,2986
3441,3440
3442,3440
3443,3440
3444,3300
3444,3309
3445,3301
3446,0
3447,3424
3448,3444
3449,2931
3450,3398
3451,2993
3452,3035
3453,2912
3454,3163
3454,3211
3454,583
3454,3377
3455,2986
3456,3390
3457,3390
3458,3424
3459,2989
3460,2989
3461,3155
3462,4364
3462,3141
3463,3143
3464,3000
3465,3200
3466,3200
3467,566
3467,2965
3468,2907
3469,3424
3470,3148
3471,3380
3472,2079
3473,3107
3474,3100
3475,3162
3476,3085
3477,2999
3477,3109
3478,3383
3479,3298
3480,3424
3481,3062
3482,3062
3483,2907
3484,2986
3485,2986
3486,2919
3487,3141
3488,2994
3489,3083
3490,3065
3491,3424
3492,3065
3493,3034
3494,3034
3495,3034
3496,3034
3497,3034
3498,3133
3499,2947
3500,2135
3501,2135
3502,3424
3503,2907
3504,2907
3505,2907
3506,2907
3507,2907
3508,2907
3509,2907
3510,2907
3510,3136
3511,2907
3511,3031
3511,2908
3512,2907
3513,3424
3514,2907
3515,2907
3516,3032
3517,3516
3519,3018
3519,3518
3520,3148
3521,2858
3522,2952
3523,2952
3524,3424
3525,3141
3525,3299
3526,3192
3527,3176
3528,3087
3529,3109
3530,3516
3532,2814
3532,3531
3533,3016
3534,2217
3535,3424
3536,573
3537,573
3538,3141
3539,3055
3540,3005
3541,3428
3542,2907
3543,2152
3544,2907
3545,335
3545,1335
3546,3424
3547,1878
3548,3026
3549,1274
3550,3549
3551,2895
3552,3377
3553,3016
3554,3016
3555,3016
3556,3016
3557,0
3558,3424
3559,3016
3560,3016
3561,3016
3562,2894
3563,3119
3564,3244
3565,1475
3566,2093
3567,3016
3568,2837
3569,3424
3570,3143
3571,1476
3572,1476
3573,3160
3574,3573
3575,2993
3576,2993
3577,2993
3578,3333
3579,2135
3580,3424
3581,2079
3582,1557
3583,3427
3584,2413
3585,3175
3585,3401
3586,3585
3587,3585
3588,3585
3589,3248
3590,2910
3590,3040
3591,3424
3592,3036
3593,2914
3594,3543
3595,3499
3596,3499
3597,2170
3598,3244
3599,2986
3600,1845
3601,1845
3602,3424
3603,1845
3604,3196
3605,3462
3606,3462
3607,3114
3608,3042
3609,3042
3610,3418
3611,3148
3612,3148
3613,3424
3614,568
3615,568
3616,568
3617,568
3618,2814
3619,3085
3620,3075
3621,3148
3622,583
3623,583
3624,3424
3625,1906
3626,3026
3627,3026
3628,3188
3629,3444
3630,3629
3631,2887
3631,3100
3632,3100
3633,3237
3634,3375
3635,3424
3636,3375
3637,1485
3639,1485
3639,3638
3640,1484
3640,1485
3641,3638
3642,1224
3643,3478
3644,2994
3645,2907
3646,3424
3647,1903
3648,2170
3649,3074
3650,3074
3651,2964
3652,2964
3653,2964
3654,3081
3655,2994
3656,3085
3657,3424
3658,3085
3659,3085
3660,3085
3661,2986
3662,3564
3663,2814
3664,2969
3665,683
3666,3031
3667,1890
3668,0
3669,3424
3670,1890
3671,2914
3672,3671
3673,3264
3674,2884
3676,4031
3676,3675
3677,3676
3678,3418
3680,3334
3681,3163
3682,3070
3683,3270
3684,3119
3685,2907
3686,3159
3687,3346
3688,2993
3689,3329
3690,983
3690,3679
3691,3334
3692,3016
3693,2962
3694,2877
3695,2877
3696,2877
3697,2877
3698,2883
3699,2171
3699,10
3700,3076
3701,3334
3702,3334
3703,3334
3704,3334
3705,3334
3706,3334
3707,3334
3708,3334
3709,3334
3710,1475
3711,1475
3712,3920
3713,3334
3714,3920
3715,3920
3716,3920
3717,2882
3718,2887
3719,2887
3720,591
3720,3029
3721,3018
3721,3519
3722,3018
3723,3018
3724,3334
3725,3018
3726,2925
3727,2929
3728,2929
3729,1896
3730,1896
3731,1896
3731,2185
3731,2186
3731,2193
3731,2197
3732,1896
3733,1896
3734,1896
3735,3334
3736,1896
3737,1896
3738,1906
3739,591
3739,1802
3740,2247
3741,2829
3742,2829
3743,2829
3744,2829
3745,2829
3746,3735
3747,2829
3748,2829
3749,2829
3750,2829
3750,2844
3751,2829
3752,2829
3753,2829
3753,2844
3754,2829
3755,547
3755,3055
3756,3755
3757,3735
3758,547
3759,1904
3760,2938
3761,2938
3762,2940
3763,2940
3764,2940
3765,2940
3766,3064
3767,3034
3768,3334
3768,3735
3769,2947
3770,2949
3771,2949
3772,2949
3773,2951
3774,2951
3775,2951
3776,2951
3777,2951
3778,591
3779,0
3780,3334
3780,3735
3781,591
3781,1979
3782,591
3783,3007
3784,3732
3785,3511
3786,3045
3787,2919
3788,2919
3789,2919
3790,3055
3791,3780
3792,2962
3793,2896
3794,2896
3795,2896
3796,2894
3797,2894
3798,2894
3799,2894
3800,3797
3801,2900
3802,3780
3803,2900
3804,1475
3805,1475
3806,2994
3807,523
3808,3857
3809,2914
3810,2914
3811,1584
3812,3038
3813,3780
3814,3781
3815,3781
3816,2889
3816,2917
3817,1307
3818,1484
3819,1484
3820,1484
3821,1484
3822,1484
3823,1484
3824,3780
3825,1484
3825,1485
3826,1484
3827,1484
3828,1484
3829,1484
3830,1224
3831,2962
3832,2951
3833,3727
3834,2865
3834,3073
3835,3735
3836,2865
3837,2865
3838,2865
3839,2865
3840,2865
3841,2865
3842,2865
3843,2865
3844,2865
3845,2865
3846,3735
3847,2865
3848,2865
3849,2865
3850,2865
3851,2865
3852,2865
3853,2876
3854,3028
3855,2904
3856,2844
3857,3735
3858,3761
3859,3761
3860,574
3861,2932
3862,2932
3863,3334
3864,3863
3865,3779
3866,3863
3867,3863
3868,3334
3869,3334
3869,668
3870,3334
3870,668
3871,3334
3872,3334
3873,3334
3874,3334
3875,3334
3876,3779
3877,3334
3887,3779
3898,3779
3909,3779
3920,1112
3921,3779
3932,3779
3943,3779
3954,3779
3965,0
3976,0
3987,3976
3998,3976
4009,3976
4020,3976
4032,3976
4043,3976
4054,3976
4076,3976
4087,3976
4098,3976
4109,3976
4120,3976
4131,3976
4143,3976
4154,3976
4165,3976
4176,3976
4187,3976
4198,3976
4209,3976
4220,4209
4231,3976
4242,0
4242,4065
4254,4242
4265,4242
4276,4242
4287,4242
4298,4242
4309,4242
4320,4242
4331,4242
4342,4242
4353,4242
4365,4242
4376,4242
4387,0
4398,0
4409,0
