2,154
2,176
2,187
3,0
3,165
3,112
3,123
3,124
3,126
3,131
3,135
3,136
3,138
3,151
3,153
3,156
3,157
3,158
3,159
3,160
3,162
3,177
3,179
3,192
3,195
3,196
3,197
4,121
4,132
4,24
4,116
4,118
4,172
4,181
4,182
5,0
5,154
5,187
5,114
5,126
5,161
5,166
5,167
5,169
5,173
5,179
5,183
6,0
6,46
6,57
6,114
6,126
6,134
6,138
6,140
6,169
6,173
6,177
6,188
6,5
7,46
7,57
7,112
7,114
7,123
7,124
7,126
7,129
7,131
7,135
7,136
7,140
7,151
7,153
7,156
7,157
7,158
7,159
7,160
7,177
7,179
7,188
7,195
7,196
7,197
7,3
7,6
8,122
8,123
8,124
8,126
8,131
8,134
8,136
8,138
8,142
8,151
8,153
8,155
8,156
8,157
8,158
8,159
8,160
8,177
8,195
8,196
8,197
8,3
8,7
9,46
9,57
9,114
9,123
9,124
9,126
9,131
9,136
9,140
9,151
9,153
9,156
9,157
9,158
9,159
9,160
9,188
9,195
9,196
9,197
9,3
9,6
9,7
9,8
10,0
10,154
10,112
10,114
10,123
10,124
10,126
10,131
10,135
10,136
10,151
10,153
10,156
10,157
10,158
10,159
10,160
10,163
10,164
10,169
10,173
10,177
10,179
10,190
10,191
10,192
10,195
10,196
10,197
10,3
10,5
10,6
10,7
10,8
10,9
11,123
11,124
11,126
11,131
11,136
11,151
11,153
11,156
11,157
11,158
11,159
11,160
11,163
11,179
11,195
11,196
11,197
11,3
11,7
11,8
11,9
11,10
12,165
12,123
12,124
12,126
12,131
12,136
12,142
12,151
12,153
12,156
12,157
12,158
12,159
12,160
12,163
12,164
12,168
12,184
12,192
12,195
12,196
12,197
12,3
12,7
12,8
12,9
12,10
12,11
14,154
14,176
14,113
14,122
14,123
14,142
14,146
14,147
14,149
14,150
14,153
14,155
14,163
14,164
14,166
14,179
14,190
14,191
14,192
14,8
14,10
15,154
15,187
15,2
15,35
15,141
15,146
15,150
15,153
15,155
15,163
15,164
15,166
15,169
15,183
15,5
16,154
16,187
16,2
16,141
16,146
16,150
16,166
16,15
17,154
17,187
17,2
17,13
17,35
17,79
17,141
17,142
17,146
17,149
17,150
17,153
17,155
17,163
17,164
17,166
17,169
17,179
17,183
17,184
17,190
17,191
17,5
17,15
17,16
18,110
19,176
19,124
19,129
19,130
19,131
19,166
19,188
19,14
20,176
20,115
20,166
20,14
20,19
21,165
21,176
21,135
21,141
21,152
21,153
21,163
21,164
21,166
21,174
21,178
21,179
21,180
21,185
21,190
21,191
21,196
21,14
21,19
21,20
22,124
22,129
22,131
22,188
22,19
23,22
24,121
24,132
25,165
25,176
25,135
25,141
25,150
25,152
25,153
25,163
25,164
25,166
25,178
25,179
25,185
25,190
25,191
25,196
25,14
25,19
25,20
25,21
26,154
26,176
26,123
26,124
26,126
26,131
26,135
26,136
26,151
26,152
26,153
26,156
26,157
26,158
26,159
26,160
26,163
26,164
26,166
26,178
26,190
26,191
26,192
26,195
26,196
26,197
26,3
26,7
26,8
26,9
26,10
26,11
26,12
26,14
26,19
26,20
26,21
26,25
27,122
27,123
27,124
27,126
27,131
27,134
27,136
27,138
27,142
27,151
27,153
27,155
27,156
27,157
27,158
27,159
27,160
27,177
27,195
27,196
27,197
27,3
27,7
27,8
27,9
27,10
27,11
27,12
27,14
27,26
28,132
28,116
28,118
28,119
28,172
28,182
28,186
28,193
28,194
29,154
29,141
29,147
29,153
29,163
29,164
29,186
29,190
29,191
29,192
29,193
29,10
29,14
29,17
29,21
29,25
29,26
30,132
30,117
30,119
30,144
30,170
30,171
30,174
30,193
31,154
31,187
31,35
31,141
31,153
31,155
31,161
31,163
31,164
31,179
31,185
31,190
31,192
31,15
31,17
32,132
32,24
32,79
32,116
32,117
32,118
32,119
32,144
32,168
32,170
32,171
32,172
32,174
32,181
32,182
32,184
32,186
32,193
32,194
32,4
32,28
32,30
33,154
33,13
33,79
33,90
33,122
33,127
33,146
33,147
33,148
33,149
33,150
33,153
33,155
33,180
33,21
34,154
34,187
34,35
34,90
34,141
34,147
34,150
34,153
34,155
34,163
34,164
34,183
34,190
34,191
34,193
34,15
34,17
34,29
34,31
35,1
35,154
35,187
36,0
36,165
36,79
36,112
36,123
36,124
36,126
36,131
36,135
36,136
36,138
36,142
36,146
36,149
36,151
36,153
36,156
36,157
36,158
36,159
36,160
36,177
36,179
36,184
36,192
36,195
36,196
36,197
36,3
36,7
36,8
36,9
36,10
36,11
36,12
36,17
36,26
36,27
37,0
37,154
37,165
37,79
37,112
37,114
37,123
37,124
37,126
37,131
37,135
37,136
37,138
37,142
37,146
37,149
37,151
37,153
37,156
37,157
37,158
37,159
37,160
37,162
37,163
37,164
37,177
37,179
37,184
37,185
37,190
37,191
37,192
37,195
37,196
37,197
37,3
37,7
37,8
37,9
37,10
37,11
37,12
37,14
37,17
37,21
37,25
37,26
37,27
37,29
37,36
38,128
38,186
39,124
39,129
39,131
39,161
39,179
39,180
39,188
39,19
39,22
40,176
40,2
40,113
40,123
40,124
40,126
40,129
40,131
40,136
40,151
40,153
40,156
40,157
40,158
40,159
40,160
40,161
40,162
40,175
40,179
40,180
40,188
40,192
40,195
40,196
40,197
40,3
40,7
40,8
40,9
40,10
40,11
40,12
40,19
40,22
40,26
40,27
40,36
40,37
40,39
41,132
41,154
41,165
41,68
41,79
41,90
41,101
41,112
41,114
41,119
41,133
41,134
41,135
41,137
41,141
41,144
41,150
41,152
41,153
41,159
41,160
41,161
41,163
41,164
41,168
41,170
41,171
41,172
41,173
41,174
41,177
41,178
41,179
41,180
41,182
41,184
41,185
41,186
41,190
41,191
41,192
41,193
41,194
41,195
41,196
41,197
41,3
41,7
41,10
41,12
41,17
41,21
41,25
41,26
41,29
41,30
41,31
41,32
41,33
41,34
41,36
41,37
42,176
42,101
42,166
42,173
42,179
42,14
42,19
42,20
42,21
42,25
42,26
42,41
43,121
43,132
43,116
43,118
43,119
43,172
43,182
43,186
43,193
43,194
43,4
43,28
43,32
43,41
44,176
44,2
44,113
44,123
44,129
44,136
44,142
44,158
44,159
44,160
44,175
44,188
44,12
44,36
44,40
45,132
45,24
45,79
45,116
45,118
45,119
45,168
45,172
45,181
45,182
45,184
45,186
45,193
45,4
45,28
45,32
45,41
47,154
47,187
47,35
47,153
47,155
47,163
47,164
47,179
47,185
47,192
47,15
47,17
47,31
47,34
47,37
47,41
48,165
48,141
48,150
48,153
48,163
48,164
48,174
48,179
48,185
48,192
48,193
48,17
48,21
48,25
48,29
48,31
48,37
48,41
48,47
49,135
49,141
49,152
49,163
49,164
49,168
49,174
49,178
49,184
49,196
49,12
49,21
49,25
49,26
49,41
49,48
50,132
50,117
50,119
50,144
50,170
50,171
50,174
50,193
50,30
50,32
50,41
51,43
52,154
52,147
52,153
52,163
52,164
52,190
52,191
52,192
52,10
52,14
52,17
52,21
52,25
52,26
52,29
52,34
52,37
52,41
53,121
53,132
53,24
53,79
53,116
53,117
53,118
53,119
53,144
53,168
53,170
53,171
53,172
53,174
53,181
53,182
53,184
53,186
53,193
53,194
53,4
53,30
53,32
53,41
53,43
53,45
53,50
54,24
54,115
54,189
54,18
55,132
55,24
55,79
55,115
55,116
55,117
55,118
55,119
55,130
55,141
55,144
55,146
55,147
55,161
55,168
55,170
55,171
55,172
55,174
55,179
55,181
55,182
55,184
55,185
55,186
55,193
55,194
55,30
55,32
55,41
55,43
55,45
55,48
55,50
55,53
56,1
56,154
56,35
56,127
56,141
56,146
56,147
56,148
56,149
56,153
56,161
56,163
56,164
56,166
56,167
56,169
56,177
56,179
56,183
56,193
56,5
56,15
56,31
56,34
56,41
56,48
56,55
57,46
58,154
58,187
58,35
58,153
58,155
58,163
58,164
58,15
58,17
58,29
58,31
58,34
58,41
58,47
58,52
58,56
59,143
59,18
60,110
60,121
60,132
60,176
60,24
60,115
60,116
60,117
60,118
60,119
60,128
60,130
60,144
60,166
60,171
60,182
60,186
60,189
60,193
60,14
60,18
60,19
60,20
60,21
60,25
60,26
60,28
60,30
60,32
60,42
60,45
60,50
60,53
60,54
60,55
61,0
61,165
61,114
61,123
61,124
61,126
61,131
61,136
61,138
61,151
61,153
61,156
61,157
61,158
61,159
61,160
61,162
61,169
61,173
61,192
61,195
61,196
61,197
61,3
61,5
61,6
61,7
61,8
61,9
61,10
61,11
61,12
61,26
61,27
61,36
61,37
61,40
62,132
62,24
62,116
62,118
62,128
62,139
62,168
62,181
62,182
62,32
62,38
62,43
62,45
62,55
63,121
63,132
63,24
63,116
63,118
63,168
63,181
63,182
63,4
63,32
63,38
63,45
63,53
63,55
63,62
64,143
64,18
64,59
65,154
65,187
65,2
65,35
65,79
65,101
65,127
65,135
65,141
65,142
65,146
65,147
65,148
65,149
65,150
65,152
65,153
65,155
65,161
65,163
65,164
65,166
65,173
65,177
65,179
65,180
65,183
65,184
65,185
65,192
65,193
65,15
65,16
65,17
65,25
65,31
65,34
65,36
65,37
65,41
65,42
65,47
65,48
65,56
65,58
66,0
66,134
66,138
66,161
66,179
66,180
66,6
66,39
66,40
67,55
69,154
69,187
69,2
69,35
69,127
69,141
69,146
69,147
69,150
69,153
69,163
69,164
69,166
69,167
69,169
69,183
69,193
69,5
69,15
69,16
69,17
69,34
69,41
69,48
69,56
69,65
70,176
70,2
70,113
70,123
70,129
70,135
70,141
70,151
70,152
70,175
70,9
70,27
70,40
70,41
70,44
71,132
71,170
71,174
71,182
71,189
71,193
71,41
71,55
71,60
72,154
72,187
72,2
72,35
72,112
72,127
72,135
72,141
72,146
72,147
72,148
72,149
72,150
72,153
72,161
72,163
72,164
72,166
72,167
72,169
72,177
72,179
72,183
72,193
72,195
72,196
72,197
72,3
72,5
72,7
72,10
72,15
72,16
72,17
72,31
72,34
72,36
72,37
72,41
72,48
72,56
72,65
72,69
74,126
74,136
74,142
74,153
74,162
74,196
74,3
74,37
74,40
74,61
75,110
75,121
75,132
75,24
75,79
75,116
75,117
75,118
75,119
75,139
75,144
75,164
75,168
75,170
75,172
75,174
75,181
75,182
75,184
75,186
75,193
75,194
75,4
75,18
75,30
75,32
75,38
75,41
75,43
75,45
75,51
75,53
75,55
75,60
75,62
75,63
75,71
76,0
76,154
76,165
76,176
76,101
76,113
76,114
76,123
76,124
76,126
76,131
76,136
76,138
76,142
76,147
76,151
76,153
76,156
76,157
76,158
76,159
76,160
76,162
76,163
76,164
76,166
76,169
76,173
76,175
76,179
76,188
76,190
76,191
76,192
76,195
76,196
76,197
76,3
76,5
76,6
76,7
76,8
76,9
76,10
76,11
76,12
76,14
76,19
76,20
76,21
76,25
76,26
76,27
76,29
76,36
76,37
76,40
76,41
76,42
76,48
76,52
76,60
76,61
76,65
76,74
77,121
77,132
77,24
77,116
77,119
77,172
77,181
77,182
77,186
77,193
77,194
77,4
77,32
77,43
77,45
77,53
77,55
77,63
77,75
78,154
78,13
78,112
78,122
78,126
78,127
78,135
78,146
78,147
78,148
78,149
78,158
78,159
78,160
78,161
78,164
78,177
78,179
78,180
78,195
78,196
78,197
78,3
78,7
78,10
78,11
78,12
78,14
78,21
78,33
78,36
78,37
78,41
78,56
78,61
78,65
78,72
78,76
79,13
80,0
80,154
80,165
80,114
80,126
80,136
80,138
80,153
80,162
80,163
80,164
80,169
80,173
80,185
80,190
80,191
80,192
80,195
80,196
80,197
80,3
80,5
80,6
80,10
80,12
80,14
80,26
80,29
80,31
80,36
80,37
80,40
80,41
80,47
80,48
80,52
80,61
80,65
80,74
80,76
81,110
81,121
81,132
81,24
81,79
81,116
81,117
81,118
81,119
81,144
81,168
81,170
81,171
81,172
81,174
81,182
81,184
81,186
81,193
81,194
81,4
81,18
81,30
81,32
81,41
81,43
81,45
81,50
81,53
81,55
81,60
81,63
81,71
81,75
81,77
82,121
82,132
82,24
82,116
82,118
82,172
82,182
82,186
82,193
82,4
82,32
82,43
82,45
82,53
82,55
82,63
82,71
82,75
82,77
82,81
83,165
83,112
83,114
83,127
83,135
83,141
83,144
83,147
83,152
83,153
83,161
83,163
83,164
83,168
83,170
83,171
83,173
83,174
83,177
83,179
83,184
83,185
83,192
83,195
83,196
83,197
83,3
83,7
83,10
83,12
83,21
83,25
83,30
83,31
83,36
83,37
83,41
83,47
83,48
83,49
83,50
83,53
83,55
83,65
83,72
83,78
83,80
84,163
84,164
84,180
84,190
84,191
84,21
84,25
84,29
84,33
84,41
84,52
84,78
85,121
85,132
85,24
85,116
85,118
85,119
85,182
85,186
85,193
85,4
85,28
85,32
85,45
85,53
85,55
85,63
85,75
85,77
85,81
85,82
86,154
86,147
86,155
86,163
86,164
86,190
86,191
86,11
86,21
86,25
86,29
86,34
86,41
86,52
86,58
86,84
87,154
87,112
87,116
87,127
87,135
87,141
87,146
87,147
87,148
87,149
87,161
87,164
87,177
87,179
87,195
87,196
87,197
87,3
87,5
87,7
87,10
87,31
87,36
87,37
87,41
87,43
87,55
87,56
87,62
87,65
87,72
87,78
87,83
88,176
88,2
88,113
88,123
88,124
88,126
88,129
88,131
88,136
88,142
88,151
88,153
88,156
88,157
88,158
88,159
88,160
88,173
88,175
88,188
88,192
88,195
88,196
88,197
88,3
88,7
88,8
88,9
88,10
88,11
88,12
88,19
88,20
88,22
88,26
88,27
88,36
88,37
88,39
88,40
88,44
88,61
88,70
88,76
89,128
89,139
89,38
89,62
89,64
90,132
90,154
90,13
90,79
91,130
91,144
91,175
91,19
91,55
91,60
92,112
92,114
92,134
92,135
92,160
92,173
92,177
92,179
92,195
92,196
92,197
92,3
92,7
92,10
92,12
92,36
92,37
92,41
92,72
92,78
92,83
92,87
93,79
93,134
93,138
93,142
93,146
93,149
93,153
93,162
93,163
93,164
93,177
93,180
93,184
93,190
93,191
93,8
93,17
93,20
93,21
93,25
93,27
93,29
93,33
93,36
93,37
93,41
93,52
93,65
93,74
93,78
93,84
93,86
93,88
93,92
94,79
94,116
94,118
94,119
94,168
94,172
94,182
94,184
94,186
94,193
94,28
94,32
94,41
94,45
94,53
94,55
94,75
94,81
94,82
94,85
95,154
95,35
95,90
95,141
95,150
95,164
95,179
95,31
95,34
95,41
95,48
95,56
95,58
95,73
96,35
96,147
96,163
96,164
96,183
96,193
96,34
96,56
96,65
96,69
96,72
97,126
97,136
97,151
97,153
97,162
97,196
97,3
97,8
97,9
97,27
97,37
97,40
97,61
97,70
97,74
97,76
97,80
98,151
98,173
98,8
98,9
98,27
98,41
98,42
98,65
98,70
98,97
99,121
99,132
99,176
99,2
99,24
99,113
99,116
99,118
99,123
99,129
99,168
99,175
99,181
99,182
99,4
99,32
99,40
99,44
99,45
99,53
99,55
99,62
99,63
99,70
99,75
99,77
99,81
99,82
99,85
99,88
100,154
100,147
100,153
100,163
100,164
100,190
100,191
100,192
100,10
100,14
100,17
100,21
100,25
100,26
100,29
100,34
100,37
100,41
100,52
100,58
100,76
100,80
100,84
100,86
100,93
101,90
102,132
102,24
102,79
102,116
102,118
102,119
102,168
102,172
102,181
102,182
102,184
102,186
102,193
102,32
102,41
102,45
102,53
102,55
102,62
102,63
102,75
102,81
102,82
102,94
102,99
103,154
103,187
103,35
103,90
103,125
103,127
103,141
103,147
103,150
103,153
103,155
103,161
103,163
103,164
103,179
103,183
103,190
103,191
103,192
103,193
103,10
103,14
103,15
103,17
103,21
103,25
103,26
103,29
103,31
103,32
103,34
103,37
103,41
103,47
103,52
103,56
103,58
103,65
103,69
103,72
103,76
103,78
103,80
103,83
103,84
103,85
103,86
103,87
103,93
103,95
103,96
103,100
104,154
104,147
104,153
104,163
104,164
104,190
104,191
104,192
104,10
104,14
104,17
104,21
104,25
104,26
104,29
104,34
104,37
104,41
104,48
104,52
104,58
104,76
104,80
104,84
104,86
104,93
104,100
104,103
105,132
105,154
105,13
105,35
105,79
105,90
105,112
105,122
105,127
105,135
105,141
105,146
105,147
105,148
105,149
105,150
105,153
105,155
105,161
105,163
105,164
105,177
105,179
105,180
105,183
105,193
105,195
105,196
105,197
105,3
105,7
105,10
105,14
105,21
105,33
105,34
105,36
105,37
105,41
105,55
105,56
105,65
105,69
105,72
105,76
105,78
105,83
105,84
105,87
105,92
105,93
105,96
105,103
106,154
106,187
106,13
106,35
106,79
106,90
106,122
106,127
106,141
106,146
106,147
106,148
106,149
106,150
106,153
106,155
106,161
106,163
106,164
106,166
106,177
106,179
106,180
106,183
106,14
106,15
106,17
106,31
106,33
106,34
106,39
106,40
106,47
106,55
106,56
106,58
106,65
106,66
106,72
106,76
106,78
106,87
106,103
106,105
107,132
107,154
107,187
107,2
107,13
107,79
107,90
107,122
107,127
107,141
107,142
107,145
107,146
107,147
107,148
107,149
107,150
107,153
107,155
107,161
107,166
107,177
107,179
107,184
107,185
107,14
107,15
107,16
107,17
107,25
107,33
107,36
107,37
107,41
107,48
107,56
107,65
107,69
107,72
107,78
107,87
107,93
107,105
107,106
108,132
108,154
108,13
108,79
108,90
108,112
108,122
108,127
108,135
108,146
108,147
108,148
108,149
108,150
108,153
108,155
108,177
108,179
108,195
108,196
108,197
108,3
108,7
108,10
108,33
108,36
108,37
108,41
108,72
108,78
108,83
108,87
108,92
108,105
108,106
108,107
109,116
109,118
109,119
109,170
109,182
109,186
109,193
109,28
109,45
109,50
109,60
109,75
109,85
109,94
111,132
113,176
113,2
114,0
114,46
114,57
114,101
115,24
116,121
116,132
116,24
117,132
118,132
118,24
118,116
119,132
119,79
119,116
119,117
119,118
122,13
122,79
122,90
123,176
123,2
123,113
123,122
124,123
125,120
126,0
126,165
126,114
126,123
126,124
127,154
129,176
129,2
129,113
129,123
129,124
131,123
131,124
131,126
131,129
132,121
134,0
134,114
135,112
135,114
136,123
136,124
136,126
136,129
136,131
137,133
138,0
138,165
138,114
138,126
138,134
140,46
140,57
140,114
141,154
141,187
141,2
141,13
141,90
141,127
142,79
142,134
142,136
142,138
144,132
144,117
144,119
144,130
145,141
146,132
146,154
146,187
146,2
146,13
146,79
146,90
146,122
146,127
146,141
146,142
146,145
147,1
147,132
147,13
147,35
147,79
147,90
147,122
147,127
147,141
147,146
148,154
148,13
148,79
148,90
148,122
148,127
148,146
148,147
149,154
149,13
149,79
149,90
149,122
149,127
149,142
149,146
149,147
149,148
150,132
150,154
150,187
150,2
150,13
150,79
150,90
150,122
150,141
150,146
150,147
150,148
150,149
151,123
151,124
151,126
151,131
151,136
152,135
153,0
153,154
153,165
153,187
153,13
153,35
153,79
153,90
153,101
153,113
153,114
153,122
153,123
153,124
153,126
153,127
153,131
153,136
153,138
153,141
153,142
153,145
153,146
153,147
153,148
153,149
153,150
153,151
155,154
155,187
155,13
155,35
155,79
155,90
155,122
155,123
155,146
155,147
155,148
155,149
155,150
155,153
156,68
156,123
156,124
156,126
156,131
156,136
156,151
156,153
157,123
157,124
157,126
157,129
157,131
157,136
157,151
157,153
157,156
158,123
158,124
158,126
158,131
158,136
158,142
158,151
158,153
158,156
158,157
159,123
159,124
159,126
159,131
159,136
159,142
159,151
159,153
159,156
159,157
159,158
160,123
160,124
160,126
160,131
160,136
160,142
160,151
160,153
160,156
160,157
160,158
160,159
161,154
161,127
161,141
161,146
161,147
161,148
161,149
162,126
162,136
162,142
162,153
163,154
163,187
163,35
163,141
163,147
163,153
163,155
164,154
164,187
164,35
164,90
164,101
164,125
164,127
164,141
164,147
164,150
164,153
164,155
164,161
164,163
165,0
166,154
166,176
166,187
166,2
166,13
166,141
166,146
166,150
167,154
167,127
167,153
167,166
168,132
168,13
168,24
168,79
168,116
168,118
168,119
168,163
168,164
169,0
169,154
169,187
169,114
169,126
169,166
169,167
170,132
170,144
171,132
171,117
171,119
171,144
171,170
172,121
172,132
172,79
172,116
172,118
172,119
172,133
172,137
172,168
173,0
173,57
173,101
173,114
173,126
173,135
173,153
173,169
174,132
174,141
174,144
174,170
174,171
175,176
175,2
175,101
175,113
175,114
175,123
175,129
175,130
175,153
175,173
177,0
177,154
177,46
177,57
177,112
177,114
177,127
177,134
177,135
177,138
177,140
177,142
177,146
177,148
177,149
177,153
177,161
178,135
178,152
179,154
179,13
179,112
179,125
179,127
179,135
179,141
179,145
179,146
179,147
179,148
179,149
179,150
179,153
179,161
179,164
179,166
179,177
180,161
180,179
181,121
181,132
181,24
181,116
181,118
181,168
181,172
182,132
182,24
182,79
182,116
182,118
182,119
182,133
182,137
182,163
182,164
182,168
182,170
182,172
182,174
182,181
183,154
183,187
183,35
183,101
183,127
183,147
183,161
183,163
183,164
183,169
183,179
184,79
184,119
184,133
184,137
184,142
184,145
184,146
184,149
184,153
184,163
184,164
184,168
184,172
184,182
185,165
185,150
185,153
185,179
186,132
186,79
186,116
186,118
186,119
186,128
186,141
186,163
186,168
186,172
186,179
186,182
186,184
187,154
188,46
188,57
188,114
188,123
188,124
188,129
188,131
188,136
188,140
188,153
188,157
188,173
188,175
189,24
189,115
190,154
190,147
190,153
190,163
190,164
191,154
191,147
191,153
191,163
191,164
191,190
192,0
192,154
192,165
192,126
192,138
192,153
192,163
192,164
192,173
192,175
192,185
192,188
192,190
192,191
193,132
193,35
193,79
193,116
193,117
193,118
193,119
193,133
193,137
193,144
193,147
193,163
193,164
193,168
193,170
193,171
193,172
193,174
193,182
193,183
193,184
193,186
194,132
194,119
194,133
194,137
194,172
194,182
194,184
194,186
194,193
195,0
195,165
195,112
195,123
195,124
195,126
195,131
195,135
195,136
195,138
195,151
195,153
195,156
195,157
195,158
195,159
195,160
195,177
195,179
195,192
196,0
196,165
196,112
196,114
196,123
196,124
196,126
196,131
196,135
196,136
196,138
196,151
196,152
196,153
196,156
196,157
196,158
196,159
196,160
196,162
196,163
196,164
196,168
196,173
196,177
196,178
196,179
196,184
196,192
196,195
197,0
197,165
197,112
197,114
197,123
197,124
197,126
197,131
197,135
197,136
197,138
197,151
197,152
197,153
197,156
197,157
197,158
197,159
197,160
197,173
197,177
197,179
197,192
197,195
197,196
